00 48 00.461525 -42 31 12.41537 00 48 00.461525 -42 31 12.41537 0 0
23 53 54.690498 -41 42 31.22145 23 53 54.690498 -41 42 31.22145 0 0
23 00 29.794812 -40 54 26.81533 23 00 29.794812 -40 54 26.81533 0 0
22 07 43.655182 -40 06 57.28966 22 07 43.655182 -40 06 57.28966 0 0
03 01 11.349994 -33 43 04.21499 03 01 11.349994 -33 43 04.21499 0 0
02 13 11.983326 -32 59 52.78499 02 13 11.983326 -32 59 52.78499 0 0
01 25 36.125755 -32 17 02.51318 01 25 36.125755 -32 17 02.51318 0 0
00 38 22.774336 -31 34 32.49690 00 38 22.774336 -31 34 32.49690 0 0
23 51 30.978905 -30 52 21.88101 23 51 30.978905 -30 52 21.88101 0 0
23 04 59.837986 -30 10 29.85419 23 04 59.837986 -30 10 29.85419 0 0
22 18 48.495084 -29 28 55.64558 22 18 48.495084 -29 28 55.64558 0 0
21 32 56.135326 -28 47 38.52179 21 32 56.135326 -28 47 38.52179 0 0
20 47 21.982404 -28 06 37.78416 20 47 21.982404 -28 06 37.78416 0 0
03 14 06.490101 -23 06 41.84109 03 14 06.490101 -23 06 41.84109 0 0
02 30 40.203546 -22 27 36.18319 02 30 40.203546 -22 27 36.18319 0 0
01 47 26.225144 -21 48 41.60263 01 47 26.225144 -21 48 41.60263 0 0
01 04 24.053136 -21 09 57.64782 01 04 24.053136 -21 09 57.64782 0 0
00 21 33.203114 -20 31 23.88280 00 21 33.203114 -20 31 23.88280 0 0
23 38 53.206936 -19 52 59.88624 23 38 53.206936 -19 52 59.88624 0 0
22 56 23.611716 -19 14 45.25054 22 56 23.611716 -19 14 45.25054 0 0
22 14 03.978876 -18 36 39.58099 22 14 03.978876 -18 36 39.58099 0 0
21 31 53.883270 -17 58 42.49494 21 31 53.883270 -17 58 42.49494 0 0
20 49 52.912361 -17 20 53.62112 20 49 52.912361 -17 20 53.62112 0 0
20 08 00.665443 -16 43 12.59890 20 08 00.665443 -16 43 12.59890 0 0
04 20 02.341114 -13 18 02.10700 04 20 02.341114 -13 18 02.10700 0 0
03 38 57.738933 -12 41 03.96504 03 38 57.738933 -12 41 03.96504 0 0
02 57 59.166141 -12 04 11.24953 02 57 59.166141 -12 04 11.24953 0 0
02 17 06.297254 -11 27 23.66753 02 17 06.297254 -11 27 23.66753 0 0
01 36 18.813185 -10 50 40.93187 01 36 18.813185 -10 50 40.93187 0 0
00 55 36.400815 -10 14 02.76073 00 55 36.400815 -10 14 02.76073 0 0
00 14 58.752588 -09 37 28.87733 00 14 58.752588 -09 37 28.87733 0 0
23 34 25.566115 -09 00 59.00950 23 34 25.566115 -09 00 59.00950 0 0
22 53 56.543800 -08 24 32.88942 22 53 56.543800 -08 24 32.88942 0 0
22 13 31.392481 -07 48 10.25323 22 13 31.392481 -07 48 10.25323 0 0
21 33 09.823082 -07 11 50.84077 21 33 09.823082 -07 11 50.84077 0 0
20 52 51.550278 -06 35 34.39525 20 52 51.550278 -06 35 34.39525 0 0
20 12 36.292174 -05 59 20.66296 20 12 36.292174 -05 59 20.66296 0 0
19 32 23.769989 -05 23 09.39299 19 32 23.769989 -05 23 09.39299 0 0
04 31 53.933345 -02 40 42.54001 04 31 53.933345 -02 40 42.54001 0 0
03 51 51.586481 -02 04 40.42783 03 51 51.586481 -02 04 40.42783 0 0
03 11 50.219083 -01 28 39.19718 03 11 50.219083 -01 28 39.19718 0 0
02 31 49.566517 -00 52 38.60986 02 31 49.566517 -00 52 38.60986 0 0
01 51 49.364876 -00 16 38.42839 01 51 49.364876 -00 16 38.42839 0 0
01 11 49.350724 +00 19 21.58435 01 11 49.350724 +00 19 21.58435 0 0
00 31 49.260829 +00 55 21.66525 00 31 49.260829 +00 55 21.66525 0 0
23 51 48.831907 +01 31 22.05128 23 51 48.831907 +01 31 22.05128 0 0
23 11 47.800362 +02 07 22.97967 23 11 47.800362 +02 07 22.97967 0 0
22 31 45.902022 +02 43 24.68818 22 31 45.902022 +02 43 24.68818 0 0
21 51 42.871880 +03 19 27.41531 21 51 42.871880 +03 19 27.41531 0 0
21 11 38.443826 +03 55 31.40056 21 11 38.443826 +03 55 31.40056 0 0
20 31 32.350383 +04 31 36.88466 20 31 32.350383 +04 31 36.88466 0 0
19 51 24.322433 +05 07 44.10981 19 51 24.322433 +05 07 44.10981 0 0
19 11 14.088942 +05 43 53.31995 19 11 14.088942 +05 43 53.31995 0 0
05 30 37.056697 +07 14 26.64897 05 30 37.056697 +07 14 26.64897 0 0
04 50 16.935073 +07 50 44.75843 04 50 16.935073 +07 50 44.75843 0 0
04 09 53.356842 +08 27 05.97884 04 09 53.356842 +08 27 05.97884 0 0
03 29 26.035213 +09 03 30.56831 03 29 26.035213 +09 03 30.56831 0 0
02 48 54.679519 +09 39 58.78843 02 48 54.679519 +09 39 58.78843 0 0
02 08 18.994875 +10 16 30.90461 02 08 18.994875 +10 16 30.90461 0 0
01 27 38.681825 +10 53 07.18636 01 27 38.681825 +10 53 07.18636 0 0
00 46 53.435985 +11 29 47.90761 00 46 53.435985 +11 29 47.90761 0 0
00 06 02.947656 +12 06 33.34711 00 06 02.947656 +12 06 33.34711 0 0
23 25 06.901429 +12 43 23.78871 23 25 06.901429 +12 43 23.78871 0 0
22 44 04.975774 +13 20 19.52180 22 44 04.975774 +13 20 19.52180 0 0
22 02 56.842602 +13 57 20.84166 22 02 56.842602 +13 57 20.84166 0 0
21 21 42.166811 +14 34 28.04987 21 21 42.166811 +14 34 28.04987 0 0
20 40 20.605806 +15 11 41.45477 20 40 20.605806 +15 11 41.45477 0 0
19 58 51.808996 +15 49 01.37190 19 58 51.808996 +15 49 01.37190 0 0
19 17 15.417256 +16 26 28.12447 19 17 15.417256 +16 26 28.12447 0 0
18 35 31.062372 +17 04 02.04386 18 35 31.062372 +17 04 02.04386 0 0
05 32 38.769681 +18 00 37.10729 05 32 38.769681 +18 00 37.10729 0 0
04 50 32.830846 +18 38 30.45224 04 50 32.830846 +18 38 30.45224 0 0
04 08 17.559570 +19 16 32.19639 04 08 17.559570 +19 16 32.19639 0 0
03 25 52.538799 +19 54 42.71508 03 25 52.538799 +19 54 42.71508 0 0
02 43 17.338616 +20 33 02.39525 02 43 17.338616 +20 33 02.39525 0 0
02 00 31.515404 +21 11 31.63614 02 00 31.515404 +21 11 31.63614 0 0
01 17 34.610947 +21 50 10.85015 01 17 34.610947 +21 50 10.85015 0 0
00 34 26.151478 +22 29 00.46367 00 34 26.151478 +22 29 00.46367 0 0
23 51 05.646645 +23 08 00.91802 23 51 05.646645 +23 08 00.91802 0 0
23 07 32.588406 +23 47 12.67043 23 07 32.588406 +23 47 12.67043 0 0
22 23 46.449845 +24 26 36.19514 22 23 46.449845 +24 26 36.19514 0 0
21 39 46.683886 +25 06 11.98450 21 39 46.683886 +25 06 11.98450 0 0
20 55 32.721915 +25 46 00.55028 20 55 32.721915 +25 46 00.55028 0 0
20 11 03.972283 +26 26 02.42495 20 11 03.972283 +26 26 02.42495 0 0
19 26 19.818691 +27 06 18.16318 19 26 19.818691 +27 06 18.16318 0 0
18 41 19.618435 +27 46 48.34341 18 41 19.618435 +27 46 48.34341 0 0
06 18 43.292276 +28 07 09.03695 06 18 43.292276 +28 07 09.03695 0 0
17 56 02.700497 +28 27 33.56955 17 56 02.700497 +28 27 33.56955 0 0
05 33 17.754457 +28 48 02.02099 05 33 17.754457 +28 48 02.02099 0 0
04 47 34.434761 +29 29 11.00871 04 47 34.434761 +29 29 11.00871 0 0
04 01 32.581903 +30 10 36.67629 04 01 32.581903 +30 10 36.67629 0 0
03 15 11.408157 +30 52 19.73266 03 15 11.408157 +30 52 19.73266 0 0
02 28 30.086532 +31 34 20.92212 02 28 30.086532 +31 34 20.92212 0 0
01 41 27.747657 +32 16 41.02711 01 41 27.747657 +32 16 41.02711 0 0
00 54 03.476368 +32 59 20.87127 00 54 03.476368 +32 59 20.87127 0 0
00 06 16.307941 +33 42 21.32285 00 06 16.307941 +33 42 21.32285 0 0
23 18 05.223923 +34 25 43.29847 23 18 05.223923 +34 25 43.29847 0 0
22 29 29.147530 +35 09 27.76722 22 29 29.147530 +35 09 27.76722 0 0
21 40 26.938520 +35 53 35.75533 21 40 26.938520 +35 53 35.75533 0 0
20 50 57.387505 +36 38 08.35125 20 50 57.387505 +36 38 08.35125 0 0
20 00 59.209588 +37 23 06.71137 20 00 59.209588 +37 23 06.71137 0 0
19 10 31.037249 +38 08 32.06648 19 10 31.037249 +38 08 32.06648 0 0
06 45 05.251285 +38 31 25.27384 06 45 05.251285 +38 31 25.27384 0 0
18 19 31.412365 +38 54 25.72887 18 19 31.412365 +38 54 25.72887 0 0
05 53 49.322590 +39 17 33.60967 05 53 49.322590 +39 17 33.60967 0 0
17 27 58.777215 +39 40 49.10051 17 27 58.777215 +39 40 49.10051 0 0
05 01 59.564299 +40 04 12.39213 05 01 59.564299 +40 04 12.39213 0 0
04 09 34.249850 +40 51 23.17513 04 09 34.249850 +40 51 23.17513 0 0
03 16 31.525098 +41 39 07.62741 03 16 31.525098 +41 39 07.62741 0 0
02 22 49.394336 +42 27 27.54510 02 22 49.394336 +42 27 27.54510 0 0
01 28 25.704314 +43 16 24.86612 01 28 25.704314 +43 16 24.86612 0 0
00 33 18.125864 +44 06 01.68672 00 33 18.125864 +44 06 01.68672 0 0
23 37 24.132717 +44 56 20.28055 23 37 24.132717 +44 56 20.28055 0 0
22 40 40.976937 +45 47 23.12076 22 40 40.976937 +45 47 23.12076 0 0
21 43 05.660301 +46 39 12.90573 21 43 05.660301 +46 39 12.90573 0 0
20 44 34.900781 +47 31 52.58930 20 44 34.900781 +47 31 52.58930 0 0
19 45 05.093058 +48 25 25.41625 19 45 05.093058 +48 25 25.41625 0 0
07 14 56.819716 +48 52 32.86226 07 14 56.819716 +48 52 32.86226 0 0
18 44 32.261715 +49 19 54.96446 18 44 32.261715 +49 19 54.96446 0 0
06 13 50.855146 +49 47 32.23037 06 13 50.855146 +49 47 32.23037 0 0
17 42 52.005391 +50 15 25.19515 17 42 52.005391 +50 15 25.19515 0 0
05 11 35.084726 +50 43 34.42375 05 11 35.084726 +50 43 34.42375 0 0
16 39 59.429663 +51 12 00.51330 16 39 59.429663 +51 12 00.51330 0 0
04 08 04.338033 +51 40 44.09577 04 08 04.338033 +51 40 44.09577 0 0
03 03 12.823164 +52 39 06.45915 03 03 12.823164 +52 39 06.45915 0 0
01 56 54.016585 +53 38 47.38507 01 56 54.016585 +53 38 47.38507 0 0
00 49 00.526658 +54 39 53.52601 00 49 00.526658 +54 39 53.52601 0 0
23 39 23.922702 +55 42 32.46957 23 39 23.922702 +55 42 32.46957 0 0
22 27 54.518374 +56 46 52.93346 22 27 54.518374 +56 46 52.93346 0 0
21 14 21.093498 +57 53 05.01585 21 14 21.093498 +57 53 05.01585 0 0
08 36 43.860669 +58 26 56.52540 08 36 43.860669 +58 26 56.52540 0 0
19 58 30.531613 +59 01 20.52155 19 58 30.531613 +59 01 20.52155 0 0
07 19 39.091866 +59 36 18.81732 07 19 39.091866 +59 36 18.81732 0 0
18 40 07.339792 +60 11 53.39419 18 40 07.339792 +60 11 53.39419 0 0
05 59 52.861381 +60 48 06.42476 05 59 52.861381 +60 48 06.42476 0 0
17 18 53.000514 +61 25 00.29954 17 18 53.000514 +61 25 00.29954 0 0
04 37 04.823689 +62 02 37.65868 04 37 04.823689 +62 02 37.65868 0 0
15 54 25.077856 +62 41 01.42993 15 54 25.077856 +62 41 01.42993 0 0
03 10 50.139686 +63 20 14.87428 03 10 50.139686 +63 20 14.87428 0 0
14 26 15.954023 +64 00 21.64138 14 26 15.954023 +64 00 21.64138 0 0
01 40 37.958575 +64 41 25.83728 01 40 37.958575 +64 41 25.83728 0 0
00 05 49.172403 +66 06 45.74484 00 05 49.172403 +66 06 45.74484 0 0
11 16 25.761754 +66 51 12.81442 11 16 25.761754 +66 51 12.81442 0 0
22 25 32.967792 +67 37 00.32899 22 25 32.967792 +67 37 00.32899 0 0
09 33 01.706839 +68 24 16.46384 09 33 01.706839 +68 24 16.46384 0 0
20 38 41.283259 +69 13 10.84507 20 38 41.283259 +69 13 10.84507 0 0
07 42 18.961315 +70 03 54.93482 07 42 18.961315 +70 03 54.93482 0 0
18 43 39.379694 +70 56 42.55828 18 43 39.379694 +70 56 42.55828 0 0
05 42 23.732058 +71 51 50.64115 05 42 23.732058 +71 51 50.64115 0 0
16 38 08.588857 +72 49 40.27003 16 38 08.588857 +72 49 40.27003 0 0
03 30 24.148957 +73 50 38.26594 03 30 24.148957 +73 50 38.26594 0 0
14 18 31.545520 +74 55 19.60903 14 18 31.545520 +74 55 19.60903 0 0
01 01 38.500425 +76 04 31.34962 01 01 38.500425 +76 04 31.34962 0 0
11 38 31.906544 +77 19 19.28411 11 38 31.906544 +77 19 19.28411 0 0
22 07 24.219054 +78 41 20.20285 22 07 24.219054 +78 41 20.20285 0 0
08 25 25.994845 +80 13 06.60464 08 25 25.994845 +80 13 06.60464 0 0
18 27 42.654675 +81 59 03.61079 18 27 42.654675 +81 59 03.61079 0 0
04 04 17.038314 +84 08 08.66552 04 04 17.038314 +84 08 08.66552 0 0
END
