0.18m F9 AP Starfire
:NODA 
:EQUAT 
30 20 35 
23 14 40.709 +0 0 0.0 23 13 46.00 -00 05 51.0 23.0 0.3013 EAST 
23 30 15.876 +0 0 0.0 23 29 21.00 -00 05 54.0 23.0 0.5687 EAST 
0 8 31.117 +0 0 0.0 00 07 36.00 -00 05 57.0 0.0 0.206 EAST 
23 35 11.577 +0 0 0.0 11 34 41.271 +180 9 1.36 23.0 0.5508 WEST 
23 54 52.846 +0 0 0.0 11 54 24.43 +180 8 43.29 23.0 0.8789 WEST 
0 13 25.194 +0 0 0.0 12 13 29.854 +180 16 9.01 0.0 0.1881 WEST 
1 18 16.907 +0 0 0.0 13 17 53.104 +180 9 38.27 23.0 0.3193 WEST 
1 19 21.2 +0 0 0.0 13 18 56.896 +180 9 40.97 23.0 0.3269 WEST 
21 19 48.573 +0 0 0.0 21 18 54.00 -00 04 33.0 23.0 0.3445 EAST 
1 20 51.959 +0 0 0.0 13 20 28.461 +180 9 32.84 23.0 0.3618 WEST 
1 21 55.509 +0 0 0.0 13 21 31.566 +180 9 35.07 23.0 0.3696 WEST 
21 22 22.389 +0 0 0.0 21 21 27.00 -00 04 36.0 23.0 0.3872 EAST 
21 23 25.3 +0 0 0.0 21 22 30.00 -00 04 37.0 23.0 0.3944 EAST 
21 23 52.827 +0 0 0.0 21 22 58.00 -00 04 37.0 23.0 0.402 EAST 
21 24 20.02 +0 0 0.0 21 23 25.00 -00 04 37.0 23.0 0.4098 EAST 
1 24 47.057 +0 0 0.0 13 24 22.286 +180 9 23.32 23.0 0.4274 WEST 
21 25 50.172 +0 0 0.0 21 24 55.00 -00 04 40.0 23.0 0.4447 EAST 
21 26 53.633 +0 0 0.0 21 25 59.00 -00 04 40.0 23.0 0.4522 EAST 
21 27 20.952 +0 0 0.0 21 26 26.00 -00 04 40.0 23.0 0.4598 EAST 
1 27 47.865 +0 0 0.0 13 27 23.315 +180 9 25.29 23.0 0.4773 WEST 
1 28 49.804 +0 0 0.0 13 28 24.75 +180 9 27.67 23.0 0.4846 WEST 
1 29 17.646 +0 0 0.0 13 28 52.027 +180 9 28.33 23.0 0.4924 WEST 
1 29 44.808 +0 0 0.0 13 29 18.582 +180 9 29.21 23.0 0.5 WEST 
1 30 11.977 +0 0 0.0 13 29 45.205 +180 9 28.62 23.0 0.5078 WEST 
21 30 40.545 +0 0 0.0 21 29 45.00 -00 04 44.0 23.0 0.5256 EAST 
21 31 44.407 +0 0 0.0 21 30 49.00 -00 04 45.0 23.0 0.5332 EAST 
1 34 19.485 +0 0 0.0 13 33 52.679 +180 9 29.23 23.0 0.5864 WEST 
1 35 22.645 +0 0 0.0 13 34 55.23 +180 9 31.3 23.0 0.5938 WEST 
21 35 50.777 +0 0 0.0 21 34 56.00 -00 04 48.0 23.0 0.6115 EAST 
1 36 53.614 +0 0 0.0 13 36 27.267 +180 9 22.01 23.0 0.6292 WEST 
1 37 57.767 +0 0 0.0 13 37 30.959 +180 9 21.94 23.0 0.6368 WEST 
21 38 24.54 +0 0 0.0 21 37 29.00 -00 04 51.0 23.0 0.6544 EAST 
1 39 27.439 +0 0 0.0 13 35 34.659 +180 27 16.96 23.0 0.6718 WEST 
1 40 32.207 +0 0 0.0 13 40 5.73 +180 9 13.36 23.0 0.6798 WEST 
21 40 59.719 +0 0 0.0 21 40 05.00 -00 04 53.0 23.0 0.6974 EAST 
21 42 2.435 +0 0 0.0 21 41 07.00 -00 04 54.0 23.0 0.705 EAST 
1 42 29.559 +0 0 0.0 13 42 3.47 +180 9 1.79 23.0 0.7225 WEST 
21 43 33.581 +0 0 0.0 21 42 39.00 -00 04 55.0 23.0 0.7402 EAST 
1 44 36.478 +0 0 0.0 13 44 10.841 +180 9 2.6 23.0 0.7578 WEST 
21 45 41.947 +0 0 0.0 21 44 47.00 -00 04 57.0 23.0 0.7758 EAST 
1 46 44.771 +0 0 0.0 13 46 19.782 +180 9 2.7 23.0 0.7933 WEST 
21 47 48.66 +0 0 0.0 21 46 54.00 -00 04 59.0 23.0 0.8111 EAST 
21 48 51.882 +0 0 0.0 21 47 57.00 -00 05 00.0 23.0 0.8186 EAST 
1 49 18.739 +0 0 0.0 13 48 53.94 +180 9 3.57 23.0 0.8362 WEST 
1 50 22.258 +0 0 0.0 13 49 57.039 +180 9 5.71 23.0 0.8438 WEST 
21 50 49.732 +0 0 0.0 21 49 55.00 -00 05 02.0 23.0 0.8614 EAST 
2 5 28.988 +0 0 0.0 14 7 45.65 +180 9 9.52 0.0 0.0953 WEST 
2 5 56.059 +0 0 0.0 14 8 12.202 +180 9 9.78 0.0 0.1014 WEST 
22 6 18.22 +0 0 0.0 22 05 23.00 -00 05 15.0 0.0 0.1192 EAST 
22 7 21.195 +0 0 0.0 22 06 26.00 -00 05 15.0 0.0 0.127 EAST 
2 7 49.193 +0 0 0.0 14 10 5.761 +180 8 57.83 0.0 0.1444 WEST 
22 9 21.606 +0 0 0.0 22 08 27.00 -00 05 16.0 0.0 0.1703 EAST 
2 12 33.95 +0 0 0.0 14 14 51.041 +180 8 50.11 0.0 0.2239 WEST 
2 13 38.133 +0 0 0.0 14 15 54.596 +180 8 50.83 0.0 0.23 WEST 
22 14 0.077 +0 0 0.0 22 13 05.00 -00 05 19.0 0.0 0.2476 EAST 
2 15 3.611 +0 0 0.0 14 17 21.043 +180 8 39.52 0.0 0.2685 WEST 
22 16 18.492 +0 0 0.0 22 15 23.00 -00 05 21.0 0.0 0.2861 EAST 
22 17 21.889 +0 0 0.0 22 16 27.00 -00 05 22.0 0.0 0.2922 EAST 
22 18 12.002 +0 0 0.0 22 17 17.00 -00 05 22.0 0.0 0.3059 EAST 
2 18 33.409 +0 0 0.0 14 20 50.56 +180 8 35.84 0.0 0.3236 WEST 
2 19 36.92 +0 0 0.0 14 20 11.498 +179 31 43.26 0.0 0.3343 WEST 
22 20 15.268 +0 0 0.0 22 19 20.00 -00 05 24.0 0.0 0.3519 EAST 
22 21 19.871 +0 0 0.0 22 20 25.00 -00 05 24.0 0.0 0.36 EAST 
22 21 47.945 +0 0 0.0 22 20 53.00 -00 05 25.0 0.0 0.3675 EAST 
22 22 15.452 +0 0 0.0 22 21 20.00 -00 05 25.0 0.0 0.3754 EAST 
22 22 43.411 +0 0 0.0 22 21 48.00 -00 05 25.0 0.0 0.3829 EAST 
