!
!  Sample data from 5 meter Hale telescope
!

200 inch  IR17  4 Oct 85
: NODA
+33 21 22

23.5 00 00.0 +30 09 07.94 23 34 38.380 +30 10 14.08 0 0
23 59 14.886 -33 04 58.77 23 59 12.092 -33 03 49.13 0 0
23 52 43.894 +09 47 52.32 23 52 40.692 +09 48 56.19 0 0
23 56 16.084 +30 05 31.84 23 56 13.511 +30 06 35.40 0 0
23 43 00.806 +43 11 25.93 23 42 59.325 +43 12 30.81 0 0
00 03 36.881 +64 32 04.26 00 03 37.945 +64 33 08.16 0 0
00 03 54.089 +72 14 41.38 00 03 58.091 +72 15 44.18 0 0
01 57 34.384 -35 11 37.03 01 57 32.482 -35 10 20.49 0 0
02 02 49.830 -23 51 46.22 02 02 46.926 -23 50 30.30 0 0
01 47 42.275 +08 06 00.90 01 47 38.056 +08 07 10.04 0 0
01 46 33.889 +38 28 47.49 01 46 29.245 +38 29 56.26 0 0
01 56 02.545 +33 37 25.72 01 55 57.719 +33 38 34.46 0 0
02 06 02.523 +64 08 38.06 02 05 57.764 +64 09 49.92 0 0
02 48 33.428 +72 56 16.54 02 48 26.936 +72 57 33.50 0 0
02 33 33.684 +68 01 39.70 02 33 27.931 +68 02 55.53 0 0
22 02 31.835 -32 18 16.60 22 02 28.575 -32 16 57.36 0 0
21 55 52.518 -19 05 40.47 21 55 49.425 -19 04 22.55 0 0
21 43 53.273 -26 58 11.57 21 43 50.067 -26 56 49.90 0 0
21 57 10.393 +10 03 40.06 21 57 08.267 +10 04 51.63 0 0
21 59 16.699 +05 10 37.98 21 59 14.306 +05 11 49.00 0 0
21 56 52.943 +39 19 00.27 21 56 53.292 +39 20 10.37 0 0
21 49 36.094 +30 09 06.57 21 49 35.584 +30 10 17.91 0 0
21 58 59.374 +36 35 16.57 21 58 59.333 +36 36 27.49 0 0
21 58 22.383 +70 28 19.70 21 58 33.115 +70 29 30.64 0 0
22 08 51.954 +71 13 10.74 22 09 02.767 +71 14 20.01 0 0
03 55 51.658 +00 21 03.21 03 55 47.800 +00 22 36.01 0 0
04 01 27.045 +05 59 49.45 04 01 22.827 +06 01 22.88 0 0
04 12 29.550 +12 26 21.10 04 12 24.869 +12 27 56.05 0 0
03 52 48.223 +32 13 28.04 03 52 42.333 +32 14 57.91 0 0
03 51 01.978 +42 30 41.91 03 50 55.498 +42 32 11.62 0 0
04 01 45.934 +35 43 48.86 04 01 39.918 +35 45 20.48 0 0
03 48 24.434 +71 15 32.90 03 48 15.695 +71 16 59.12 0 0
04 16 20.479 +65 04 39.55 04 16 11.927 +65 06 12.73 0 0
20 02 03.420 +11 14 18.31 20 02 02.014 +11 15 58.95 0 0
19 46 23.566 +40 11 15.88 19 46 25.392 +40 12 59.11 0 0
19 53 17.772 +74 52 36.21 19 53 38.724 +74 54 14.08 0 0
20 03 36.508 +61 45 26.70 20 03 44.801 +61 47 01.33 0 0
23 52 12.642 +30 46 00.53 23 52 10.160 +30 47 05.85 0 0
23 52 03.911 +30 46 00.53 23 52 01.430 +30 47 05.85 0 0
