Perfect stars, latitude +34.0 deg
:NODA
:ALLSKY
+34 00 00.0
00  48  00.461525  -42  31  12.41537  0  30  23.184  -41  7  41.16  0  0
23  53  54.690498  -41  42  31.22145  23  28  48.7  -40  19  19.82  0  0
23  00  29.794812  -40  54  26.81533  22  35  36.022  -39  31  51.86  0  0
22  07  43.655182  -40  06  57.28966  21  43  2.277  -38  44  59.24  0  0
03  01  11.349994  -33  43  04.21499  2  42  27.461  -32  26  46.22  0  0
02  13  11.983326  -32  59  52.78499  1  54  45.433  -31  44  15.6  0  0
01  25  36.125755  -32  17  02.51318  1  7  26.984  -31  2  6.42  0  0
00  38  22.774336  -31  34  32.49690  0  20  31.112  -30  20  17.8  0  0
23  51  30.978905  -30  52  21.88101  23  26  18.33  -29  38  33.44  0  0
23  04  59.837986  -30  10  29.85419  22  39  57.671  -28  57  23.25  0  0
22  18  48.495084  -29  28  55.64558  21  53  56.99  -28  16  31.19  0  0
21  32  56.135326  -28  47  38.52179  21  8  15.47  -27  35  56.52  0  0
20  47  21.982404  -28  06  37.78416  20  22  52.329  -26  55  38.55  0  0
03  14  06.490101  -23  06  41.84109  2  55  5.263  -22  1  20.31  0  0
02  30  40.203546  -22  27  36.18319  2  11  54.652  -21  22  59.98  0  0
01  47  26.225144  -21  48  41.60263  1  28  56.456  -20  44  51.0  0  0
01  04  24.053136  -21  09  57.64782  0  46  10.171  -20  6  52.91  0  0
00  21  33.203114  -20  31  23.88280  0  3  35.312  -19  29  5.28  0  0
23  38  53.206936  -19  52  59.88624  23  13  38.721  -18  51  14.35  0  0
22  56  23.611716  -19  14  45.25054  22  31  18.622  -18  13  46.0  0  0
22  14  03.978876  -18  36  39.58099  21  49  8.667  -17  36  26.86  0  0
21  31  53.883270  -17  58  42.49494  21  7  8.427  -16  59  16.56  0  0
20  49  52.912361  -17  20  53.62112  20  25  17.49  -16  22  14.72  0  0
20  08  00.665443  -16  43  12.59890  19  43  35.452  -15  45  20.97  0  0
04  20  02.341114  -13  18  02.10700  4  0  28.489  -12  24  41.63  0  0
03  38  57.738933  -12  41  03.96504  3  19  38.431  -11  48  32.52  0  0
02  57  59.166141  -12  04  11.24953  2  38  54.532  -11  12  29.07  0  0
02  17  06.297254  -11  27  23.66753  1  58  16.466  -10  36  30.99  0  0
01  36  18.813185  -10  50  40.93187  1  17  43.913  -10  0  37.99  0  0
00  55  36.400815  -10  14  02.76073  0  37  16.559  -9  24  49.79  0  0
00  14  58.752588  -09  37  28.87733  -0  3  5.904  -8  49  6.1  0  0
23  34  25.566115  -09  00  59.00950  23  9  9.254  -8  13  14.16  0  0
22  53  56.543800  -08  24  32.88942  22  28  49.184  -7  37  38.26  0  0
22  13  31.392481  -07  48  10.25323  21  48  33.172  -7  2  6.08  0  0
21  33  09.823082  -07  11  50.84077  21  8  20.929  -6  26  37.34  0  0
20  52  51.550278  -06  35  34.39525  20  28  12.168  -5  51  11.8  0  0
20  12  36.292174  -05  59  20.66296  19  48  6.607  -5  15  49.19  0  0
19  32  23.769989  -05  23  09.39299  19  8  3.966  -4  40  29.28  0  0
04  31  53.933345  -02  40  42.54001  4  12  9.102  -2  2  2.82  0  0
03  51  51.586481  -02  04  40.42783  3  32  20.84  -1  26  53.51  0  0
03  11  50.219083  -01  28  39.19718  2  52  33.711  -0  51  45.32  0  0
02  31  49.566517  -00  52  38.60986  2  12  47.45  -0  16  37.99  0  0
01  51  49.364876  -00  16  38.42839  1  33  1.792  +0  18  28.7  0  0
01  11  49.350724  +00  19  21.58435  0  53  16.474  +0  53  35.0  0  0
00  31  49.260829  +00  55  21.66525  0  13  31.233  +1  28  41.15  0  0
23  51  48.831907  +01  31  22.05128  23  26  27.469  +2  3  59.42  0  0
23  11  47.800362  +02  07  22.97967  22  46  35.095  +2  39  6.42  0  0
22  31  45.902022  +02  43  24.68818  22  6  42.057  +3  14  13.97  0  0
21  51  42.871880  +03  19  27.41531  21  26  48.091  +3  49  22.32  0  0
21  11  38.443826  +03  55  31.40056  20  46  52.93  +4  24  31.69  0  0
20  31  32.350383  +04  31  36.88466  20  6  56.308  +4  59  42.33  0  0
19  51  24.322433  +05  07  44.10981  19  26  57.955  +5  34  54.49  0  0
19  11  14.088942  +05  43  53.31995  18  46  57.602  +6  10  8.4  0  0
05  30  37.056697  +07  14  26.64897  5  10  26.834  +7  38  16.27  0  0
04  50  16.935073  +07  50  44.75843  4  30  20.6  +8  13  38.02  0  0
04  09  53.356842  +08  27  05.97884  3  50  11.094  +8  49  2.65  0  0
03  29  26.035213  +09  03  30.56831  3  9  58.031  +9  24  30.4  0  0
02  48  54.679519  +09  39  58.78843  2  29  41.119  +10  0  1.55  0  0
02  08  18.994875  +10  16  30.90461  1  49  20.065  +10  35  36.34  0  0
01  27  38.681825  +10  53  07.18636  1  8  54.57  +11  11  15.06  0  0
00  46  53.435985  +11  29  47.90761  0  28  24.331  +11  46  57.98  0  0
00  06  02.947656  +12  06  33.34711  -0  12  10.959  +12  22  45.36  0  0
23  25  06.901429  +12  43  23.78871  22  59  51.268  +12  58  49.9  0  0
22  44  04.975774  +13  20  19.52180  22  18  58.257  +13  34  47.55  0  0
22  02  56.842602  +13  57  20.84166  21  37  59.271  +14  10  50.54  0  0
21  21  42.166811  +14  34  28.04987  20  56  53.978  +14  46  59.15  0  0
20  40  20.605806  +15  11  41.45477  20  15  42.037  +15  23  13.71  0  0
19  58  51.808996  +15  49  01.37190  19  34  23.1  +15  59  34.51  0  0
19  17  15.417256  +16  26  28.12447  18  52  56.808  +16  36  1.88  0  0
18  35  31.062372  +17  04  02.04386  18  11  22.796  +17  12  36.14  0  0
05  32  38.769681  +18  00  37.10729  5  12  24.181  +18  7  34.99  0  0
04  50  32.830846  +18  38  30.45224  4  30  32.652  +18  44  27.75  0  0
04  08  17.559570  +19  16  32.19639  3  48  32.024  +19  21  28.63  0  0
03  25  52.538799  +19  54  42.71508  3  6  21.884  +19  58  38.0  0  0
02  43  17.338616  +20  33  02.39525  2  24  1.803  +20  35  56.24  0  0
02  00  31.515404  +21  11  31.63614  1  41  31.34  +21  13  23.75  0  0
01  17  34.610947  +21  50  10.85015  0  58  50.042  +21  51  0.93  0  0
00  34  26.151478  +22  29  00.46367  0  15  57.436  +22  28  48.21  0  0
23  51  05.646645  +23  08  00.91802  23  25  45.722  +23  6  58.23  0  0
23  07  32.588406  +23  47  12.67043  22  42  21.88  +23  45  7.53  0  0
22  23  46.449845  +24  26  36.19514  21  58  45.242  +24  23  28.28  0  0
21  39  46.683886  +25  06  11.98450  21  14  55.268  +25  2  0.97  0  0
20  55  32.721915  +25  46  00.55028  20  30  51.391  +25  40  46.11  0  0
20  11  03.972283  +26  26  02.42495  19  46  33.026  +26  19  44.22  0  0
19  26  19.818691  +27  06  18.16318  19  1  59.56  +26  58  55.84  0  0
18  41  19.618435  +27  46  48.34341  18  17  10.356  +27  38  21.56  0  0
06  18  43.292276  +28  07  09.03695  5  58  10.743  +27  58  3.93  0  0
17  56  02.700497  +28  27  33.56955  17  32  4.749  +28  18  1.97  0  0
05  33  17.754457  +28  48  02.02099  5  13  0.45  +28  37  51.65  0  0
04  47  34.434761  +29  29  11.00871  4  27  32.689  +29  17  55.01  0  0
04  01  32.581903  +30  10  36.67629  3  41  46.716  +29  58  14.66  0  0
03  15  11.408157  +30  52  19.73266  2  55  41.75  +30  38  51.32  0  0
02  28  30.086532  +31  34  20.92212  2  9  16.97  +31  19  45.7  0  0
01  41  27.747657  +32  16  41.02711  1  22  31.515  +32  0  58.59  0  0
00  54  03.476368  +32  59  20.87127  0  35  24.479  +32  42  30.8  0  0
00  06  16.307941  +33  42  21.32285  -0  12  5.093  +33  24  23.17  0  0
23  18  05.223923  +34  25  43.29847  22  52  54.146  +34  6  48.75  0  0
22  29  29.147530  +35  09  27.76722  22  4  28.408  +34  49  24.74  0  0
21  40  26.938520  +35  53  35.75533  21  15  36.923  +35  32  23.76  0  0
20  50  57.387505  +36  38  08.35125  20  26  18.493  +36  15  46.89  0  0
20  00  59.209588  +37  23  06.71137  19  36  31.842  +36  59  35.26  0  0
19  10  31.037249  +38  08  32.06648  18  46  15.616  +37  43  50.08  0  0
06  45  05.251285  +38  31  25.27384  6  24  22.604  +38  6  2.6  0  0
18  19  31.412365  +38  54  25.72887  17  55  28.366  +38  28  32.64  0  0
05  53  49.322590  +39  17  33.60967  5  33  23.642  +38  50  59.29  0  0
17  27  58.777215  +39  40  49.10051  17  4  8.549  +39  13  44.32  0  0
05  01  59.564299  +40  04  12.39213  4  41  51.322  +39  36  25.83  0  0
04  09  34.249850  +40  51  23.17513  3  49  43.935  +40  22  23.72  0  0
03  16  31.525098  +41  39  07.62741  2  56  59.648  +41  8  54.59  0  0
02  22  49.394336  +42  27  27.54510  2  3  36.489  +41  56  0.19  0  0
01  28  25.704314  +43  16  24.86612  1  9  32.333  +42  43  42.4  0  0
00  33  18.125864  +44  06  01.68672  0  14  44.882  +43  32  3.25  0  0
23  37  24.132717  +44  56  20.28055  23  12  6.306  +44  21  11.2  0  0
22  40  40.976937  +45  47  23.12076  22  15  34.049  +45  10  55.9  0  0
21  43  05.660301  +46  39  12.90573  21  18  9.986  +46  1  26.13  0  0
20  44  34.900781  +47  31  52.58930  20  19  50.771  +46  52  44.53  0  0
19  45  05.093058  +48  25  25.41625  19  20  32.684  +47  44  53.86  0  0
07  14  56.819716  +48  52  32.86226  6  54  1.532  +48  11  23.59  0  0
18  44  32.261715  +49  19  54.96446  18  20  11.533  +48  37  56.91  0  0
06  13  50.855146  +49  47  32.23037  5  53  15.126  +49  4  57.15  0  0
17  42  52.005391  +50  15  25.19515  17  18  42.491  +49  31  56.16  0  0
05  11  35.084726  +50  43  34.42375  4  51  19.65  +49  59  29.75  0  0
16  39  59.429663  +51  12  00.51330  16  15  59.73  +50  26  52.99  0  0
04  08  04.338033  +51  40  44.09577  3  48  9.975  +50  55  3.68  0  0
03  03  12.823164  +52  39  06.45915  2  43  40.359  +51  51  38.42  0  0
01  56  54.016585  +53  38  47.38507  1  37  44.339  +52  49  1.19  0  0
00  49  00.526658  +54  39  53.52601  0  30  14.671  +53  45  21.09  0  0
23  39  23.922702  +55  42  32.46957  23  15  45.024  +54  54  33.81  0  0
22  27  54.518374  +56  46  52.93346  22  4  13.529  +55  57  3.29  0  0
21  14  21.093498  +57  53  05.01585  20  50  45.34  +57  1  31.97  0  0
08  36  43.860669  +58  26  56.52540  8  15  57.151  +57  34  52.9  0  0
19  58  30.531613  +59  01  20.52155  19  35  4.573  +58  8  7.38  0  0
07  19  39.091866  +59  36  18.81732  6  59  9.456  +58  42  24.32  0  0
18  40  07.339792  +60  11  53.39419  18  16  54.503  +59  17  1.35  0  0
05  59  52.861381  +60  48  06.42476  5  39  44.19  +59  52  26.88  0  0
17  18  53.000514  +61  25  00.29954  16  55  56.034  +60  28  29.33  0  0
04  37  04.823689  +62  02  37.65868  4  17  19.976  +61  5  15.08  0  0
15  54  25.077856  +62  41  01.42993  15  31  46.476  +61  42  50.69  0  0
03  10  50.139686  +63  20  14.87428  2  51  31.602  +62  21  9.39  0  0
14  26  15.954023  +64  00  21.64138  14  3  58.15  +63  0  29.65  0  0
01  40  37.958575  +64  41  25.83728  1  21  48.14  +63  40  36.4  0  0
00  05  49.172403  +66  06  45.74484  -0  12  29.433  +65  4  10.43  0  0
11  16  25.761754  +66  51  12.81442  10  54  57.27  +65  47  51.47  0  0
22  25  32.967792  +67  37  00.32899  22  1  51.857  +66  32  48.41  0  0
09  33  01.706839  +68  24  16.46384  9  12  2.238  +67  19  5.75  0  0
20  38  41.283259  +69  13  10.84507  20  15  24.276  +68  7  8.75  0  0
07  42  18.961315  +70  03  54.93482  7  21  52.002  +68  56  50.62  0  0
18  43  39.379694  +70  56  42.55828  18  20  50.448  +69  48  45.39  0  0
05  42  23.732058  +71  51  50.64115  5  22  33.456  +70  42  47.37  0  0
16  38  08.588857  +72  49  40.27003  16  15  52.816  +71  39  41.84  0  0
03  30  24.148957  +73  50  38.26594  3  11  15.754  +72  39  29.01  0  0
14  18  31.545520  +74  55  19.60903  13  56  55.842  +73  43  11.67  0  0
01  01  38.500425  +76  04  31.34962  0  43  18.779  +74  51  6.43  0  0
11  38  31.906544  +77  19  19.28411  11  17  46.57  +76  4  50.18  0  0
22  07  24.219054  +78  41  20.20285  21  45  25.483  +77  25  39.91  0  0
08  25  25.994845  +80  13  06.60464  8  5  49.065  +78  55  58.0  0  0
18  27  42.654675  +81  59  03.61079  18  7  23.575  +80  40  30.9  0  0
04  04  17.038314  +84  08  08.66552  3  46  34.985  +82  47  45.78  0  0
END
