Perfect stars, latitude +35.6 deg
:NODA
:ALLSKY
:EQUAT
+35 33 00.0
00 48 00.461525 -42 31 12.41537 00 48 04.157836 -42 31 23.84584 0 0
23 53 54.690498 -41 42 31.22145 23 53 59.258365 -41 42 41.24923 0 0
23 00 29.794812 -40 54 26.81533 23 00 35.169756 -40 54 38.99317 0 0
22 07 43.655182 -40 06 57.28966 22 07 49.732745 -40 07 14.92789 0 0
02 13 11.983326 -32 59 52.78499 02 13 14.412502 -33 00 13.46972 0 0
01 25 36.125755 -32 17 02.51318 01 25 39.069442 -32 17 17.00454 0 0
00 38 22.774336 -31 34 32.49690 00 38 26.242966 -31 34 43.41283 0 0
23 51 30.978905 -30 52 21.88101 23 51 34.958535 -30 52 31.92848 0 0
23 04 59.837986 -30 10 29.85419 23 05 04.293054 -30 10 41.71600 0 0
22 18 48.495084 -29 28 55.64558 22 18 53.371790 -29 29 11.87385 0 0
21 32 56.135326 -28 47 38.52179 21 33 01.365442 -28 48 01.44178 0 0
20 47 21.982404 -28 06 37.78416 20 47 27.487316 -28 07 09.41128 0 0
03 14 06.490101 -23 06 41.84109 03 14 08.727944 -23 07 13.80674 0 0
02 30 40.203546 -22 27 36.18319 02 30 42.715288 -22 27 59.74248 0 0
01 47 26.225144 -21 48 41.60263 01 47 29.031641 -21 48 58.62416 0 0
01 04 24.053136 -21 09 57.64782 01 04 27.162134 -21 10 10.20398 0 0
00 21 33.203114 -20 31 23.88280 00 21 36.610001 -20 31 34.17385 0 0
23 38 53.206936 -19 52 59.88624 23 38 56.895898 -19 53 10.16249 0 0
22 56 23.611716 -19 14 45.25054 22 56 27.557223 -19 14 57.73514 0 0
22 14 03.978876 -18 36 39.58099 22 14 08.147419 -18 36 56.39581 0 0
21 31 53.883270 -17 58 42.49494 21 31 58.235259 -17 59 05.59183 0 0
20 49 52.912361 -17 20 53.62112 20 49 57.404100 -17 21 24.72045 0 0
20 08 00.665443 -16 43 12.59890 20 08 05.251119 -16 43 53.13714 0 0
04 20 02.341114 -13 18 02.10700 04 20 04.836794 -13 18 49.66097 0 0
03 38 57.738933 -12 41 03.96504 03 39 00.358401 -12 41 41.45489 0 0
02 57 59.166141 -12 04 11.24953 02 58 01.924727 -12 04 39.89700 0 0
02 17 06.297254 -11 27 23.66753 02 17 09.203252 -11 27 44.96558 0 0
01 36 18.813185 -10 50 40.93187 01 36 21.868105 -10 50 56.59502 0 0
00 55 36.400815 -10 14 02.76073 00 55 39.599888 -10 14 14.66946 0 0
00 14 58.752588 -09 37 28.87733 00 15 02.085486 -09 37 39.01818 0 0
23 34 25.566115 -09 00 59.00950 23 34 29.017848 -09 01 09.41293 0 0
22 53 56.543800 -08 24 32.88942 22 54 00.095747 -08 24 45.56703 0 0
22 13 31.392481 -07 48 10.25323 22 13 35.023502 -07 48 27.13639 0 0
21 33 09.823082 -07 11 50.84077 21 33 13.510665 -07 12 13.72232 0 0
20 52 51.550278 -06 35 34.39525 20 52 55.271680 -06 36 04.87597 0 0
20 12 36.292174 -05 59 20.66296 20 12 40.025501 -06 00 00.10429 0 0
19 32 23.769989 -05 23 09.39299 19 32 27.495185 -05 23 58.87727 0 0
04 31 53.933345 -02 40 42.54001 04 31 57.081208 -02 41 33.17849 0 0
03 51 51.586481 -02 04 40.42783 03 51 54.787721 -02 05 20.96268 0 0
03 11 50.219083 -01 28 39.19718 03 11 53.469697 -01 29 10.68106 0 0
02 31 49.566517 -00 52 38.60986 02 31 52.858791 -00 53 02.36855 0 0
01 51 49.364876 -00 16 38.42839 01 51 52.687961 -00 16 56.02062 0 0
01 11 49.350724 +00 19 21.58435 01 11 52.691346 +00 19 08.41373 0 0
00 31 49.260829 +00 55 21.66525 00 31 52.604126 +00 55 11.03763 0 0
23 51 48.831907 +01 31 22.05128 23 51 52.162332 +01 31 12.01054 0 0
23 11 47.800362 +02 07 22.97967 23 11 51.102629 +02 07 11.55075 0 0
22 31 45.902022 +02 43 24.68818 22 31 49.162052 +02 43 09.93627 0 0
21 51 42.871880 +03 19 27.41531 21 51 46.077696 +03 19 07.50405 0 0
21 11 38.443826 +03 55 31.40056 21 11 41.586377 +03 55 04.64741 0 0
20 31 32.350383 +04 31 36.88466 20 31 35.424237 +04 31 01.81203 0 0
19 51 24.322433 +05 07 44.10981 19 51 27.326329 +05 06 59.49027 0 0
19 11 14.088942 +05 43 53.31995 19 11 17.026157 +05 42 58.21430 0 0
05 30 37.056697 +07 14 26.64897 05 30 40.961229 +07 13 19.94322 0 0
04 50 16.935073 +07 50 44.75843 04 50 20.868154 +07 49 49.21233 0 0
04 09 53.356842 +08 27 05.97884 04 09 57.296515 +08 26 21.00593 0 0
03 29 26.035213 +09 03 30.56831 03 29 29.956682 +09 02 55.25236 0 0
02 48 54.679519 +09 39 58.78843 02 48 58.556110 +09 39 31.90902 0 0
02 08 18.994875 +10 16 30.90461 02 08 22.799149 +10 16 10.97217 0 0
01 27 38.681825 +10 53 07.18636 01 27 42.386800 +10 52 52.48588 0 0
00 46 53.435985 +11 29 47.90761 00 46 57.016413 +11 29 36.54976 0 0
00 06 02.947656 +12 06 33.34711 00 06 06.381323 +12 06 23.32534 0 0
23 25 06.901429 +12 43 23.78871 23 25 10.170417 +12 43 13.04093 0 0
22 44 04.975774 +13 20 19.52180 22 44 08.067624 +13 20 05.99461 0 0
22 02 56.842602 +13 57 20.84166 22 02 59.751338 +13 57 02.55544 0 0
21 21 42.166811 +14 34 28.04987 21 21 44.893768 +14 34 03.16267 0 0
20 40 20.605806 +15 11 41.45477 20 40 23.160212 +15 11 08.32304 0 0
19 58 51.808996 +15 49 01.37190 19 58 54.208274 +15 48 18.60611 0 0
19 17 15.417256 +16 26 28.12447 19 17 17.687015 +16 25 34.63775 0 0
18 35 31.062372 +17 04 02.04386 18 35 33.236056 +17 02 57.09206 0 0
05 32 38.769681 +18 00 37.10729 05 32 43.671581 +17 59 29.82911 0 0
04 50 32.830846 +18 38 30.45224 04 50 37.742222 +18 37 34.83308 0 0
04 08 17.559570 +19 16 32.19639 04 08 22.428347 +19 15 47.62330 0 0
03 25 52.538799 +19 54 42.71508 03 25 57.310787 +19 54 08.19294 0 0
02 43 17.338616 +20 33 02.39525 02 43 21.959566 +20 32 36.57306 0 0
02 00 31.515404 +21 11 31.63614 02 00 35.933242 +21 11 12.84602 0 0
01 17 34.610947 +21 50 10.85015 01 17 38.778112 +21 49 57.15814 0 0
00 34 26.151478 +22 29 00.46367 00 34 30.027266 +22 28 49.73117 0 0
23 51 05.646645 +23 08 00.91802 23 51 09.199481 +23 07 50.87219 0 0
23 07 32.588406 +23 47 12.67043 23 07 35.797937 +23 47 00.98156 0 0
22 23 46.449845 +24 26 36.19514 22 23 49.308747 +24 26 20.55855 0 0
21 39 46.683886 +25 06 11.98450 21 39 49.199295 +25 05 50.20450 0 0
20 55 32.721915 +25 46 00.55028 20 55 34.916375 +25 45 30.62319 0 0
20 11 03.972283 +26 26 02.42495 20 11 05.884139 +26 25 22.61828 0 0
19 26 19.818691 +27 06 18.16318 19 26 21.501846 +27 05 27.08792 0 0
18 41 19.618435 +27 46 48.34341 18 41 21.141420 +27 45 45.01647 0 0
06 18 43.292276 +28 07 09.03695 06 18 49.376733 +28 05 48.71313 0 0
17 56 02.700497 +28 27 33.56955 17 56 04.144836 +28 26 17.46356 0 0
05 33 17.754457 +28 48 02.02099 05 33 23.921898 +28 46 54.55749 0 0
04 47 34.434761 +29 29 11.00871 04 47 40.590862 +29 28 16.19071 0 0
04 01 32.581903 +30 10 36.67629 04 01 38.626559 +30 09 53.77973 0 0
03 15 11.408157 +30 52 19.73266 03 15 17.239469 +30 51 47.53592 0 0
02 28 30.086532 +31 34 20.92212 02 28 35.605282 +31 33 57.73798 0 0
01 41 27.747657 +32 16 41.02711 01 41 32.862142 +32 16 24.75528 0 0
00 54 03.476368 +32 59 20.87127 00 54 08.107395 +32 59 09.07065 0 0
00 06 16.307941 +33 42 21.32285 00 06 20.393786 +33 42 11.30203 0 0
23 18 05.223923 +34 25 43.29847 23 18 08.725011 +34 25 32.22192 0 0
22 29 29.147530 +35 09 27.76722 22 29 32.050577 +35 09 12.77404 0 0
21 40 26.938520 +35 53 35.75533 21 40 29.259870 +35 53 14.08623 0 0
20 50 57.387505 +36 38 08.35125 20 50 59.175389 +36 37 37.47904 0 0
20 00 59.209588 +37 23 06.71137 20 01 00.545053 +37 22 24.46937 0 0
19 10 31.037249 +38 08 32.06648 19 10 32.033525 +38 07 36.76877 0 0
06 45 05.251285 +38 31 25.27384 06 45 12.890957 +38 29 57.54587 0 0
18 19 31.412365 +38 54 25.72887 18 19 32.212473 +38 53 16.27622 0 0
05 53 49.322590 +39 17 33.60967 05 53 57.170401 +39 16 20.33787 0 0
17 27 58.777215 +39 40 49.10051 17 27 59.549700 +39 39 25.06550 0 0
05 01 59.564299 +40 04 12.39213 05 02 07.445892 +40 03 13.64592 0 0
04 09 34.249850 +40 51 23.17513 04 09 41.975575 +40 50 38.27654 0 0
03 16 31.525098 +41 39 07.62741 03 16 38.899065 +41 38 35.14291 0 0
02 22 49.394336 +42 27 27.54510 02 22 56.225145 +42 27 05.31656 0 0
01 28 25.704314 +43 16 24.86612 01 28 31.817112 +43 16 10.08364 0 0
00 33 18.125864 +44 06 01.68672 00 33 23.375271 +44 05 51.00419 0 0
23 37 24.132717 +44 56 20.28055 23 37 28.415950 +44 56 09.97297 0 0
22 40 40.976937 +45 47 23.12076 22 40 44.246379 +45 47 09.27943 0 0
21 43 05.660301 +46 39 12.90573 21 43 07.934567 +46 38 51.66501 0 0
20 44 34.900781 +47 31 52.58930 20 44 36.273251 +47 31 20.37534 0 0
19 45 05.093058 +48 25 25.41625 19 45 05.736754 +48 24 39.20543 0 0
07 14 56.819716 +48 52 32.86226 07 15 06.581169 +48 50 56.95668 0 0
18 44 32.261715 +49 19 54.96446 18 44 32.429380 +49 18 52.53600 0 0
06 13 50.855146 +49 47 32.23037 06 14 01.129404 +49 46 13.27611 0 0
17 42 52.005391 +50 15 25.19515 17 42 52.023668 +50 14 05.36002 0 0
05 11 35.084726 +50 43 34.42375 05 11 45.526673 +50 42 33.02429 0 0
16 39 59.429663 +51 12 00.51330 16 39 59.686414 +51 10 23.29937 0 0
04 08 04.338033 +51 40 44.09577 04 08 14.551731 +51 39 59.56844 0 0
03 03 12.823164 +52 39 06.45915 03 03 22.386299 +52 38 36.75451 0 0
01 56 54.016585 +53 38 47.38507 01 57 02.513008 +53 38 29.10306 0 0
00 49 00.526658 +54 39 53.52601 00 49 07.586463 +54 39 42.04761 0 0
23 39 23.922702 +55 42 32.46957 23 39 29.268450 +55 42 22.21840 0 0
22 27 54.518374 +56 46 52.93346 22 27 58.014880 +56 46 37.77425 0 0
21 14 21.093498 +57 53 05.01585 21 14 22.797264 +57 52 38.78609 0 0
08 36 43.860669 +58 26 56.52540 08 36 55.688958 +58 25 00.43519 0 0
19 58 30.531613 +59 01 20.52155 19 58 30.734294 +59 00 37.67841 0 0
07 19 39.091866 +59 36 18.81732 07 19 52.613351 +59 34 41.64456 0 0
18 40 07.339792 +60 11 53.39419 18 40 06.598290 +60 10 49.73993 0 0
05 59 52.861381 +60 48 06.42476 06 00 07.437423 +60 46 51.41875 0 0
17 18 53.000514 +61 25 00.29954 17 18 52.144227 +61 23 33.72596 0 0
04 37 04.823689 +62 02 37.65868 04 37 19.562109 +62 01 45.62939 0 0
15 54 25.077856 +62 41 01.42993 15 54 25.181623 +62 39 12.59523 0 0
03 10 50.139686 +63 20 14.87428 03 11 03.946851 +63 19 43.58754 0 0
14 26 15.954023 +64 00 21.64138 14 26 18.263426 +63 58 14.46195 0 0
01 40 37.958575 +64 41 25.83728 01 40 49.648854 +64 41 09.66445 0 0
12 53 50.990911 +65 23 32.10818 12 53 56.785306 +65 21 13.91502 0 0
00 05 49.172403 +66 06 45.74484 00 05 57.651576 +66 06 35.73654 0 0
11 16 25.761754 +66 51 12.81442 11 16 36.140481 +66 48 53.99129 0 0
22 25 32.967792 +67 37 00.32899 22 25 37.506175 +67 36 44.91410 0 0
09 33 01.706839 +68 24 16.46384 09 33 17.287003 +68 22 09.35801 0 0
20 38 41.283259 +69 13 10.84507 20 38 41.889575 +69 12 37.37467 0 0
07 42 18.961315 +70 03 54.93482 07 42 39.485002 +70 02 11.82286 0 0
18 43 39.379694 +70 56 42.55828 18 43 37.274135 +70 55 39.90148 0 0
05 42 23.732058 +71 51 50.64115 05 42 47.605255 +71 50 40.56616 0 0
16 38 08.588857 +72 49 40.27003 16 38 06.745595 +72 48 02.58505 0 0
03 30 24.148957 +73 50 38.26594 03 30 47.996462 +73 50 02.69843 0 0
14 18 31.545520 +74 55 19.60903 14 18 35.211397 +74 53 11.17001 0 0
01 01 38.500425 +76 04 31.34962 01 01 56.991816 +76 04 19.01674 0 0
11 38 31.906544 +77 19 19.28411 11 38 48.845142 +77 16 59.58892 0 0
22 07 24.219054 +78 41 20.20285 22 07 30.991087 +78 41 02.57154 0 0
08 25 25.994845 +80 13 06.60464 08 26 05.729156 +80 11 12.99275 0 0
18 27 42.654675 +81 59 03.61079 18 27 36.028354 +81 57 56.53423 0 0
04 04 17.038314 +84 08 08.66552 04 05 26.444615 +84 07 24.95546 0 0
END
