102,,0,1,21.233,,-28,43,30.07,,,-0.0031,,-0.016,,2000,,0.0225647222,-27.2749805556
87,,0,13,13.807,,-37,49,22.34,,,-0.0008,,-0.003,,2000,,0.2205019444,-36.1771277778
37,,0,13,53.082,,-56,59,58.86,,,0.0131,,0.044,,2000,,0.2314116667,-55.0003166667
338,,0,19,46.718,,36,57,44.81,,,-0.0034,,-0.022,,2000,,0.3296438889,36.9624472222
259,,0,20,59.45,,12,46,17.97,,,0.0012,,-0.003,,2000,,0.3498472222,12.7716583333
170,,0,27,6.927,,-9,52,22.92,,,-0.0009,,-0.028,,2000,,0.4519241667,-8.1269666667
119,,0,32,22.176,,-24,38,46.46,,,0.0095,,0.013,,2000,,0.5394933333,-23.3537611111
206,,0,33,29.138,,-0,36,31.7,,,-0.0009,,-0.023,,2000,,0.5580938889,0.6088055556
48,,0,38,27.366,,-45,54,4.71,,,-0.0029,,0.061,,2000,,0.640935,-44.0986916667
293,,0,38,57.507,,26,19,25.53,,,-0.0001,,-0.02,,2000,,0.6493075,26.3237583333
19,,0,42,41.358,,-65,36,30.55,,,0.0062,,-0.003,,2000,,0.7114883333,-64.3915138889
364,,0,42,48.966,,45,55,46.31,,,-0.0026,,-0.013,,2000,,0.7136016667,45.9295305556
393,,0,42,50.065,,64,17,28.6,,,-0.0004,,-0.002,,2000,,0.7139069444,64.2912777778
153,,0,44,59.551,,-12,8,39.64,,,-0.0005,,-0.016,,2000,,0.7498752778,-11.8556555556
242,,0,52,28.869,,13,38,55.6,,,0.0011,,-0.016,,2000,,0.8746858333,13.6487777778
375,,0,57,14.457,,54,57,8.8,,,0.0042,,-0.014,,2000,,0.9540158333,54.9524444444
74,,1,0,35.326,,-36,14,17.68,,,0.003,,-0.003,,2000,,1.0098127778,-35.7617555556
1,,1,5,8.615,,-83,35,25.17,,,-0.0038,,0.019,,2000,,1.0857263889,-82.409675
325,,1,7,22.598,,38,1,44.02,,,0.0005,,-0.005,,2000,,1.1229438889,38.0288944444
189,,1,10,43.017,,-4,50,31.85,,,-0.0018,,0.007,,2000,,1.1786158333,-3.1578194444
136,,1,11,1.713,,-18,48,17.67,,,0.0054,,-0.011,,2000,,1.1838091667,-17.1950916667
310,,1,14,20.852,,30,32,31.4,,,0.0024,,-0.022,,2000,,1.2391255556,30.5420555556
278,,1,22,24.725,,22,5,11.95,,,-0.0014,,-0.01,,2000,,1.3735347222,22.0866527778
225,,1,24,54.574,,3,20,57.87,,,0.0008,,-0.015,,2000,,1.4151594444,3.3494083333
261,,1,31,42.682,,10,53,21.9,,,0.0035,,0.015,,2000,,1.5285227778,10.8894166667
104,,1,31,53.532,,-27,42,11.3,,,0.001,,-0.01,,2000,,1.5315366667,-26.2968611111
353,,1,36,22.746,,47,19,33.1,,,-0.0015,,-0.012,,2000,,1.6063183333,47.3258611111
61,,1,38,3.723,,-46,5,1.74,,,0.0048,,0.016,,2000,,1.6343675,-45.9161833333
172,,1,42,32.003,,-8,39,34.19,,,0.0034,,0.026,,2000,,1.7088897222,-7.3405027778
7,,1,46,37.647,,-74,44,19.47,,,0.0118,,0.11,,2000,,1.7771241667,-73.2612583333
208,,1,49,0.338,,1,19,53.51,,,0.0013,,-0.005,,2000,,1.8167605556,1.3315305556
28,,1,50,14.339,,-58,56,22.63,,,-0.001,,0.011,,2000,,1.8373163889,-57.0603805556
89,,1,51,52.212,,-37,2,31.06,,,0.0018,,0.043,,2000,,1.8645033333,-36.9580388889
410,,1,55,42.556,,81,57,32.23,,,0.0185,,-0.014,,2000,,1.9284877778,81.9589527778
400,,1,57,11.065,,71,43,29.8,,,0.0006,,-0.013,,2000,,1.9530736111,71.7249444444
340,,1,58,46.452,,36,36,9.98,,,0.0014,,-0.016,,2000,,1.97957,36.6027722222
121,,2,0,42.362,,-24,25,18.55,,,0.0016,,-0.092,,2000,,2.0117672222,-23.5781805556
386,,2,3,11.932,,60,42,14.37,,,0.0016,,-0.016,,2000,,2.0533144444,60.7039916667
295,,2,4,21.161,,25,55,12.52,,,0.003,,-0.007,,2000,,2.0725447222,25.9201444444
155,,2,10,45.572,,-12,55,35.93,,,-0.0005,,-0.009,,2000,,2.1793255556,-11.0733527778
244,,2,18,52.176,,12,59,32.2,,,0.0139,,0.038,,2000,,2.3144933333,12.9922777778
50,,2,21,57.052,,-49,31,13.92,,,-0.0008,,0.03,,2000,,2.3658477778,-48.4794666667
191,,2,24,56.287,,-3,53,34.15,,,0.0001,,-0.063,,2000,,2.4156352778,-2.1071805556
366,,2,37,36.106,,50,14,14.66,,,0.0018,,-0.008,,2000,,2.6266961111,50.2374055556
138,,2,39,39.389,,-20,25,41.03,,,-0.0083,,-0.186,,2000,,2.6609413889,-19.5719361111
227,,2,41,21.609,,4,25,40.06,,,0.0005,,-0.056,,2000,,2.6893358333,4.4277944444
76,,2,44,12.984,,-36,18,26.74,,,0.0029,,-0.006,,2000,,2.73694,-35.6925722222
327,,2,47,27.711,,37,47,27.75,,,0.0004,,-0.024,,2000,,2.7910308333,37.7910416667
312,,2,47,38.606,,29,40,42.69,,,0,,-0.008,,2000,,2.7940572222,29.678525
106,,2,52,31.792,,-27,57,27.6,,,-0.0004,,0.008,,2000,,2.8754977778,-26.0423333333
21,,2,54,1.121,,-64,53,59.52,,,0.0172,,0.073,,2000,,2.9003113889,-63.1001333333
280,,2,54,17.555,,20,33,56.95,,,-0.0007,,-0.006,,2000,,2.9048763889,20.5658194444
263,,2,58,45.625,,13,36,16,,,0.0022,,-0.081,,2000,,2.9793402778,13.6044444444
174,,3,3,31.996,,-10,58,30.27,,,-0.0017,,-0.109,,2000,,3.0588877778,-9.024925
39,,3,12,1.651,,-56,24,5.55,,,0.0027,,0.045,,2000,,3.2004586111,-55.5984583333
210,,3,19,44.907,,1,11,56.35,,,0.002,,0.011,,2000,,3.3291408333,1.1989861111
377,,3,20,22.407,,55,32,13.48,,,-0.0016,,0.001,,2000,,3.3395575,55.5370777778
157,,3,28,27.475,,-13,12,33.47,,,0.0001,,-0.038,,2000,,3.4742986111,-12.7907027778
91,,3,29,57.943,,-35,44,55.06,,,-0.0003,,-0.021,,2000,,3.4994286111,-34.2513722222
123,,3,32,26.385,,-24,36,59.1,,,0.0009,,0.013,,2000,,3.5406625,-23.3835833333
246,,3,33,21.194,,13,46,56.7,,,-0.0006,,-0.021,,2000,,3.5558872222,13.7824166667
395,,3,33,26.506,,65,33,7.03,,,-0.002,,-0.005,,2000,,3.5573627778,65.5519527778
63,,3,35,49.813,,-43,42,58.97,,,0.0014,,0.019,,2000,,3.5971702778,-42.2836194444
297,,3,37,11.037,,25,59,27.96,,,0.0175,,-0.271,,2000,,3.6197325,25.9911
342,,3,37,56.266,,37,25,51.2,,,0.0018,,-0.006,,2000,,3.6322961111,37.4308888889
355,,3,45,27.557,,47,39,37.25,,,0.0021,,-0.027,,2000,,3.7576547222,47.6603472222
193,,3,47,58.857,,-2,51,41.1,,,-0.0014,,0.002,,2000,,3.7996825,-1.1385833333
30,,4,0,44.84,,-58,39,42.21,,,0.0016,,0.015,,2000,,4.0124555556,-57.338275
229,,4,3,21.222,,3,11,16.18,,,0.0001,,0.009,,2000,,4.055895,3.1878277778
140,,4,9,58.777,,-19,0,10.27,,,-0.0011,,-0.022,,2000,,4.1663269444,-18.9971472222
314,,4,15,10.392,,29,54,7.39,,,0.0106,,-0.17,,2000,,4.2528866667,29.9020527778
78,,4,16,29.148,,-38,53,3.24,,,-0.0001,,-0.04,,2000,,4.2747633333,-37.1157666667
265,,4,17,43.025,,13,50,11.74,,,0.0045,,0.043,,2000,,4.2952847222,13.8365944444
108,,4,19,42.409,,-25,1,29.37,,,0.001,,-0.001,,2000,,4.3284469444,-24.975175
52,,4,21,3.781,,-48,48,40.48,,,-0.0018,,0.014,,2000,,4.3510502778,-47.1887555556
176,,4,21,35.195,,-8,6,30.95,,,-0.0009,,-0.005,,2000,,4.3597763889,-7.8914027778
329,,4,22,0.244,,39,56,2.25,,,-0.002,,-0.118,,2000,,4.3667344444,39.9339583333
282,,4,26,18.5,,21,28,13.55,,,0.0076,,-0.038,,2000,,4.4384722222,21.4704305556
212,,4,32,24.473,,0,58,48.46,,,0.0007,,-0.015,,2000,,4.5401313889,0.9801277778
368,,4,34,45.939,,50,7,28.19,,,0.0013,,-0.008,,2000,,4.5794275,50.1244972222
14,,4,46,37.505,,-68,32,45.72,,,-0.0021,,0.043,,2000,,4.7770847222,-67.4539666667
248,,4,52,41.092,,12,23,4.96,,,-0.0001,,-0.008,,2000,,4.8780811111,12.3847111111
159,,4,58,36.275,,-14,47,2.71,,,0.001,,0.009,,2000,,4.9767430556,-13.2159138889
125,,4,59,57.869,,-25,3,16.17,,,0.0004,,0.031,,2000,,4.9994080556,-24.9455083333
402,,5,2,5.604,,69,9,36.89,,,0.0157,,-0.089,,2000,,5.03489,69.1602472222
4,,5,6,35.692,,-77,34,2.88,,,0.0442,,-0.417,,2000,,5.1099144444,-76.4325333333
195,,5,8,37.669,,-3,18,21.35,,,-0.0008,,-0.033,,2000,,5.1437969444,-2.6940694444
299,,5,10,3.872,,27,33,23.43,,,0.0149,,-0.087,,2000,,5.1677422222,27.5565083333
93,,5,10,58.929,,-34,54,13.58,,,0.0002,,0.01,,2000,,5.1830358333,-33.0962277778
65,,5,16,10.061,,-41,14,57.16,,,0.0009,,0.009,,2000,,5.2694613889,-40.7507888889
344,,5,17,12.412,,39,27,49.17,,,0.0002,,-0.005,,2000,,5.2867811111,39.4636583333
388,,5,17,27.565,,60,10,54.01,,,-0.0006,,-0.136,,2000,,5.2909902778,60.1816694444
231,,5,17,32.227,,5,28,56.34,,,0.0012,,-0.007,,2000,,5.2922852778,5.4823166667
41,,5,25,11.017,,-54,19,4.35,,,0.0001,,0.039,,2000,,5.4197269444,-53.682125
142,,5,31,55.588,,-16,40,35.2,,,-0.0015,,-0.233,,2000,,5.5321077778,-15.3235555556
267,,5,33,59.991,,15,35,4.38,,,-0.0035,,-0.028,,2000,,5.5666641667,15.58455
178,,5,38,39.719,,-8,28,15.67,,,-0.0001,,0.001,,2000,,5.6443663889,-7.5289805556
379,,5,43,38.171,,55,19,44.06,,,0.0039,,-0.032,,2000,,5.7272697222,55.3289055556
316,,5,44,30.99,,30,29,17.75,,,0.0071,,0.006,,2000,,5.7419416667,30.4882638889
110,,5,47,21.912,,-27,8,4.15,,,0.0026,,-0.018,,2000,,5.78942,-26.8655138889
357,,5,48,14.529,,46,43,18.28,,,0.0002,,-0.019,,2000,,5.8040358333,46.7217444444
284,,5,54,54.008,,22,31,11.81,,,0.0008,,0.009,,2000,,5.9150022222,22.5199472222
214,,6,0,49.321,,2,54,57.62,,,-0.0008,,0.001,,2000,,6.0137002778,2.9160055556
80,,6,7,18.838,,-37,12,0.54,,,-0.0028,,-0.006,,2000,,6.1218994444,-36.79985
161,,6,9,15.194,,-13,13,14.86,,,-0.0003,,-0.003,,2000,,6.1542205556,-12.7792055556
9,,6,11,57.93,,-75,5,2,,,-0.0026,,0.021,,2000,,6.199425,-74.9161111111
250,,6,17,6.48,,11,58,42,,,-0.0003,,-0.007,,2000,,6.2851333333,11.9783333333
23,,6,17,49.794,,-64,1,48.79,,,0.0004,,0.014,,2000,,6.297165,-63.9697805556
331,,6,19,43.659,,38,26,6.77,,,0.0027,,-0.028,,2000,,6.3287941667,38.4352138889
197,,6,30,26.817,,-3,1,19.54,,,-0.0001,,-0.001,,2000,,6.5074491667,-2.9779055556
127,,6,30,38.522,,-22,19,18.52,,,-0.0003,,0.002,,2000,,6.5107005556,-21.6781888889
407,,6,35,26.918,,80,34,23.61,,,-0.0004,,0.002,,2000,,6.5908105556,80.573225
301,,6,36,26.26,,27,16,42.21,,,0.0005,,-0.098,,2000,,6.6072944444,27.2783916667
32,,6,36,27.222,,-57,32,21.26,,,0.0059,,0.06,,2000,,6.6075616667,-56.4607611111
54,,6,37,38.208,,-49,31,40.28,,,-0.0038,,0.019,,2000,,6.62728,-48.4721444444
397,,6,40,59.598,,64,59,12.84,,,-0.0017,,0.001,,2000,,6.6832216667,64.9869
233,,6,42,17.141,,7,23,52.17,,,0.0004,,-0.009,,2000,,6.7047613889,7.397825
370,,6,45,14.439,,53,5,9.84,,,-0.0017,,-0.021,,2000,,6.7540108333,53.0860666667
95,,6,46,13.627,,-34,14,34.2,,,-0.0003,,0.017,,2000,,6.7704519444,-33.7571666667
144,,6,52,45.991,,-16,12,44.06,,,-0.0005,,0.002,,2000,,6.8794419444,-15.7877611111
346,,6,54,46.694,,42,56,52.31,,,-0.0007,,0.001,,2000,,6.9129705556,42.9478638889
269,,6,59,50.489,,15,56,28,,,-0.0002,,-0.005,,2000,,6.9973580556,15.9411111111
67,,7,4,41.367,,-40,29,2.41,,,0.0003,,0.016,,2000,,7.0781575,-39.5159972222
180,,7,5,21.846,,-8,7,59.44,,,0,,-0.002,,2000,,7.0894016667,-7.8668222222
112,,7,19,9.909,,-25,33,57.19,,,-0.0002,,0.005,,2000,,7.3194191667,-24.4341138889
318,,7,19,55.796,,33,36,51.77,,,-0.0011,,-0.017,,2000,,7.3321655556,33.6143805556
216,,7,19,59.57,,2,27,37.58,,,-0.0008,,-0.01,,2000,,7.3332138889,2.4604388889
286,,7,28,24.731,,21,32,57.81,,,-0.0089,,-0.026,,2000,,7.4735363889,21.5493916667
43,,7,34,28.067,,-54,3,54.85,,,-0.0009,,0.021,,2000,,7.5744630556,-53.9347638889
252,,7,39,4.378,,11,52,15.78,,,-0.001,,-0.007,,2000,,7.6512161111,11.87105
163,,7,39,27.231,,-11,33,50.33,,,-0.0003,,-0.002,,2000,,7.6575641667,-10.4360194444
82,,7,49,52.219,,-40,54,52.34,,,-0.0001,,0.008,,2000,,7.8311719444,-39.0854611111
199,,7,50,6.868,,-1,40,55.78,,,0.0009,,-0.028,,2000,,7.8352411111,-0.3178388889
359,,7,50,22.836,,45,47,30.75,,,-0.0002,,0.007,,2000,,7.8396766667,45.791875
129,,7,53,40.071,,-23,11,14,,,-0.0014,,0.007,,2000,,7.8944641667,-22.8127777778
381,,7,53,43.413,,58,12,49.6,,,-0.0072,,-0.022,,2000,,7.8953925,58.2137777778
235,,8,0,18.857,,8,58,27.39,,,-0.001,,0.016,,2000,,8.0052380556,8.974275
303,,8,0,32.129,,29,12,44.47,,,-0.0131,,-1.165,,2000,,8.0089247222,29.2123527778
333,,8,3,26.521,,37,8,12.06,,,-0.0021,,-0.019,,2000,,8.0573669444,37.1366833333
16,,8,7,45.303,,-68,53,56.36,,,-0.0033,,0.028,,2000,,8.1292508333,-67.1010111111
97,,8,10,51.429,,-32,22,46.45,,,-0.0015,,0.038,,2000,,8.1809525,-31.6204305556
146,,8,16,52.086,,-15,9,7.06,,,-0.0009,,0.008,,2000,,8.281135,-14.8480388889
271,,8,24,45.4,,17,10,54.31,,,0.0006,,-0.125,,2000,,8.4126111111,17.1817527778
182,,8,29,5.853,,-5,52,33.83,,,0.0003,,-0.005,,2000,,8.4849591667,-4.1239361111
56,,8,36,42.749,,-47,59,54.22,,,-0.0009,,0.009,,2000,,8.6118747222,-46.0016055556
218,,8,38,20.425,,0,41,27.77,,,-0.0028,,0.002,,2000,,8.6390069444,0.6910472222
348,,8,45,10.996,,43,38,56.96,,,-0.0018,,-0.043,,2000,,8.7530544444,43.6491555556
404,,8,45,56.804,,73,17,33.2,,,-0.0004,,0.011,,2000,,8.7657788889,73.2925555556
34,,8,48,13.989,,-57,39,30.18,,,-0.0014,,0.01,,2000,,8.8038858333,-56.3416166667
69,,8,48,54.566,,-38,58,12.35,,,0.0011,,0.016,,2000,,8.8151572222,-37.0299027778
114,,8,49,42.384,,-28,15,21.27,,,-0.0018,,0.006,,2000,,8.82844,-27.7440916667
372,,8,53,8.075,,54,57,11.09,,,0.0044,,0.042,,2000,,8.8855763889,54.9530805556
254,,8,53,45.741,,13,49,49.46,,,-0.0021,,-0.006,,2000,,8.8960391667,13.8304055556
288,,8,55,27.406,,26,24,35.35,,,-0.0017,,-0.024,,2000,,8.9242794444,26.4098194444
320,,8,56,39.431,,33,15,27.93,,,0,,-0.034,,2000,,8.9442863889,33.2577583333
390,,8,56,54.72,,65,31,33.58,,,0.0019,,-0.003,,2000,,8.9485333333,65.5259944444
165,,9,0,32.92,,-12,8,26.51,,,-0.0024,,-0.028,,2000,,9.0091444444,-11.8593027778
201,,9,8,1.539,,-2,28,34.25,,,-0.0002,,-0.028,,2000,,9.1337608333,-1.5238194444
237,,9,23,29.543,,7,42,49.45,,,-0.0003,,-0.042,,2000,,9.3915397222,7.7137361111
131,,9,27,53.036,,-22,31,42.76,,,-0.0022,,0.022,,2000,,9.4647322222,-21.4714555556
148,,9,29,17.204,,-13,44,12.51,,,-0.0008,,0.004,,2000,,9.4881122222,-12.2631916667
361,,9,35,50.727,,48,29,29.75,,,-0.0048,,0.024,,2000,,9.5974241667,48.4915972222
305,,9,36,48.963,,27,45,30.64,,,-0.0013,,-0.014,,2000,,9.6136008333,27.7585111111
45,,9,38,48.383,,-50,30,28.45,,,-0.0006,,-0.022,,2000,,9.6467730556,-49.4920972222
84,,9,39,47.531,,-40,49,20.94,,,-0.0051,,0.05,,2000,,9.6632030556,-39.1775166667
99,,9,40,16.903,,-30,55,18.27,,,-0.0011,,0.003,,2000,,9.6713619444,-29.0782583333
6,,9,43,1.709,,-79,35,29.83,,,-0.0032,,0.041,,2000,,9.7171413889,-78.4083805556
335,,9,46,5.441,,39,50,17.02,,,-0.0004,,0.029,,2000,,9.7681780556,39.8380611111
273,,9,47,42.833,,20,36,17.15,,,0.0053,,-0.004,,2000,,9.7952313889,20.6047638889
184,,9,48,12.704,,-7,14,44.66,,,-0.0011,,-0.012,,2000,,9.8035288889,-6.7542611111
25,,9,57,49.333,,-61,55,54.96,,,-0.0041,,0.02,,2000,,9.9637036111,-60.0680666667
11,,9,58,11.872,,-72,3,52.89,,,-0.0012,,0.009,,2000,,9.9699644444,-71.9353083333
220,,9,58,48.774,,4,48,30.71,,,0.0007,,-0.035,,2000,,9.980215,4.8085305556
383,,10,13,28.807,,57,59,37.55,,,0.0002,,0.005,,2000,,10.2246686111,57.9937638889
167,,10,15,12.817,,-11,47,23.75,,,-0.002,,0.002,,2000,,10.2535602778,-10.2100694444
256,,10,18,21.287,,12,37,15.99,,,-0.0186,,-0.039,,2000,,10.3059130556,12.6211083333
322,,10,23,5.299,,35,13,3.41,,,-0.0032,,-0.01,,2000,,10.3848052778,35.2176138889
116,,10,23,29.997,,-26,3,22.56,,,-0.0044,,0.034,,2000,,10.3916658333,-25.9437333333
71,,10,24,56.965,,-38,18,11.77,,,-0.0012,,-0.007,,2000,,10.4158236111,-37.6967305556
290,,10,26,15.48,,24,42,55.21,,,0.0017,,-0.005,,2000,,10.4376333333,24.7153361111
203,,10,26,53.856,,-0,8,54.64,,,0.0013,,-0.034,,2000,,10.4482933333,0.1485111111
58,,10,40,49.972,,-48,1,30.38,,,-0.0047,,0.001,,2000,,10.6805477778,-47.9748944444
350,,10,44,0.62,,46,12,23.96,,,-0.0259,,-0.062,,2000,,10.7335055556,46.2066555556
239,,10,49,3.257,,10,9,28.45,,,-0.0029,,-0.013,,2000,,10.8175713889,10.1579027778
150,,10,53,56.718,,-12,26,4.35,,,-0.0026,,-0.013,,2000,,10.8990883333,-11.5654583333
133,,11,2,26.724,,-21,24,40.24,,,-0.003,,0.003,,2000,,11.0407566667,-20.5888222222
307,,11,3,11.482,,28,55,48.48,,,0.0003,,0,,2000,,11.0531894444,28.9301333333
399,,11,8,21.82,,71,57,32.33,,,-0.0054,,-0.019,,2000,,11.1393944444,71.9589805556
18,,11,8,26.344,,-65,25,42.73,,,-0.0067,,0.011,,2000,,11.1406511111,-64.5714638889
36,,11,8,42.62,,-57,3,56.93,,,-0.0003,,0.004,,2000,,11.1451722222,-56.9341861111
409,,11,10,55.137,,81,43,54,,,-0.0422,,-0.179,,2000,,11.1819825,81.7316666667
101,,11,12,18.991,,-29,46,57,,,-0.0004,,0,,2000,,11.2052752778,-28.2175
275,,11,14,24.435,,20,1,50.99,,,0.0002,,-0.005,,2000,,11.2401208333,20.0308305556
86,,11,15,49.017,,-39,19,24.63,,,-0.0151,,0.189,,2000,,11.2636158333,-38.6764916667
186,,11,18,22.011,,-5,4,2.29,,,0.0532,,-0.152,,2000,,11.3061141667,-4.9326972222
337,,11,19,41.501,,38,6,3.15,,,-0.005,,-0.069,,2000,,11.3281947222,38.100875
222,,11,20,59.034,,4,52,49.85,,,-0.0031,,-0.027,,2000,,11.3497316667,4.8805138889
258,,11,28,59.283,,10,2,16.53,,,-0.0103,,0.04,,2000,,11.4831341667,10.037925
374,,11,30,42.781,,56,44,46.97,,,0.0002,,0.01,,2000,,11.5118836111,56.7463805556
169,,11,37,20.116,,-12,20,49.9,,,0.0034,,-0.095,,2000,,11.6222544444,-11.6528055556
392,,11,37,37.297,,62,42,47.07,,,-0.0131,,0.026,,2000,,11.6270269444,62.713075
363,,11,44,29.236,,48,30,59.07,,,-0.0012,,0.004,,2000,,11.7414544444,48.5164083333
47,,11,44,38.429,,-49,8,37.3,,,0.0003,,-0.006,,2000,,11.7440080556,-48.8563055556
118,,11,47,19.918,,-25,57,41.29,,,-0.0035,,0.008,,2000,,11.7888661111,-24.0385305556
205,,11,55,23.89,,1,5,45.29,,,-0.0032,,-0.035,,2000,,11.9233027778,1.0959138889
292,,11,55,24.51,,25,31,20.01,,,-0.0043,,-0.009,,2000,,11.923475,25.522225
324,,12,9,27.801,,38,37,54.62,,,-0.0028,,-0.061,,2000,,12.1577225,38.6318388889
241,,12,13,29.509,,10,2,29.88,,,0.0016,,-0.28,,2000,,12.2248636111,10.0416333333
73,,12,14,6.195,,-36,43,44.34,,,-0.0039,,-0.006,,2000,,12.2350541667,-35.2710166667
152,,12,15,49.893,,-13,49,0.11,,,-0.0011,,0.001,,2000,,12.2638591667,-12.1833027778
309,,12,27,32.902,,28,6,32.27,,,0.0007,,-0.029,,2000,,12.4591394444,28.1089638889
224,,12,29,28.162,,4,50,17.65,,,-0.0092,,0.038,,2000,,12.4911561111,4.8382361111
27,,12,29,45.091,,-59,1,25.98,,,0.0012,,-0.023,,2000,,12.4958586111,-58.9761166667
188,,12,30,50.309,,-4,3,38.89,,,-0.0042,,0.005,,2000,,12.5139747222,-3.9391972222
103,,12,30,55.399,,-30,40,39.16,,,0.0006,,-0.012,,2000,,12.5153886111,-29.3224555556
135,,12,31,53.142,,-20,58,53.95,,,-0.0028,,0.048,,2000,,12.5314283333,-19.0183472222
60,,12,33,6.324,,-47,2,43.8,,,-0.0027,,-0.007,,2000,,12.5517566667,-46.9545
352,,12,42,14.873,,45,52,37.36,,,-0.0051,,-0.008,,2000,,12.7041313889,45.8770444444
277,,12,48,0.403,,18,50,12.51,,,0.0025,,-0.018,,2000,,12.8001119444,18.8368083333
385,,12,48,49.129,,61,22,42.18,,,-0.0774,,0.1,,2000,,12.8136469444,61.3783833333
260,,12,48,52.422,,12,5,46.92,,,0.016,,-0.141,,2000,,12.8145616667,12.0963666667
3,,12,49,32.086,,-80,42,8.47,,,0.0038,,-0.003,,2000,,12.8255794444,-79.2976472222
88,,13,0,3.055,,-36,10,55.86,,,0.0006,,-0.028,,2000,,13.0008486111,-35.8178166667
171,,13,0,29.527,,-9,6,1.49,,,-0.0022,,-0.038,,2000,,13.0082019444,-8.8995861111
339,,13,10,1.291,,38,43,25.49,,,-0.0032,,-0.002,,2000,,13.1670252778,38.7237472222
207,,13,16,51.843,,1,14,24.84,,,-0.0018,,-0.003,,2000,,13.2810675,1.2402333333
120,,13,22,27.476,,-25,50,27.15,,,-0.0093,,0.006,,2000,,13.3742988889,-24.159125
294,,13,23,46.747,,25,32,52.5,,,-0.0034,,0.01,,2000,,13.3963186111,25.5479166667
365,,13,31,56.1,,47,14,3.91,,,0.0031,,-0.004,,2000,,13.53225,47.2344194444
49,,13,32,25.555,,-47,16,16.91,,,0.0025,,-0.124,,2000,,13.5404319444,-46.7286361111
154,,13,34,17.846,,-11,32,14.5,,,-0.0048,,-0.052,,2000,,13.5716238889,-10.4626388889
243,,13,34,20.9,,14,6,39.75,,,0.0027,,-0.012,,2000,,13.5724722222,14.1110416667
13,,13,41,13.593,,-71,52,5.76,,,-0.0069,,0.036,,2000,,13.6871091667,-70.1317333333
190,,13,44,56.992,,-6,0,8.08,,,-0.0032,,0.014,,2000,,13.7491644444,-5.9977555556
326,,13,47,31.55,,37,53,35.9,,,0.0008,,-0.002,,2000,,13.7920972222,37.8933055556
38,,13,47,57.807,,-55,57,38.21,,,-0.0012,,-0.004,,2000,,13.7993908333,-54.0393861111
20,,13,52,32.825,,-63,21,22.01,,,-0.001,,-0.006,,2000,,13.8757847222,-62.6438861111
137,,13,55,1.736,,-19,13,2.17,,,-0.0005,,-0.008,,2000,,13.9171488889,-18.7827305556
75,,13,56,43.115,,-38,19,8.86,,,0.0016,,-0.018,,2000,,13.9453097222,-37.6808722222
394,,13,58,28.821,,64,53,37.91,,,0.0014,,0.002,,2000,,13.9746725,64.8938638889
226,,14,1,34.49,,4,15,10.25,,,-0.0023,,0.001,,2000,,14.0262472222,4.2528472222
105,,14,4,26.593,,-29,3,46,,,-0.0012,,-0.01,,2000,,14.0740536111,-28.9372222222
376,,14,5,17.802,,56,31,14.33,,,-0.0033,,0.012,,2000,,14.0882783333,56.5206472222
311,,14,6,55.828,,28,26,16.95,,,-0.0055,,0.001,,2000,,14.1155077778,28.4380416667
279,,14,15,3.673,,19,54,2.01,,,0.0005,,-0.033,,2000,,14.2510202778,19.9005583333
262,,14,18,35.7,,10,30,37.78,,,-0.004,,-0.005,,2000,,14.3099166667,10.5104944444
173,,14,22,2.258,,-8,5,28.83,,,-0.005,,-0.025,,2000,,14.3672938889,-7.9086583333
209,,14,25,55.878,,0,59,33.75,,,-0.0023,,-0.032,,2000,,14.4321883333,0.9927083333
406,,14,26,43.161,,78,29,56.14,,,-0.004,,0.086,,2000,,14.4453225,78.4989277778
62,,14,33,51.701,,-46,27,53.73,,,-0.0036,,-0.033,,2000,,14.5643613889,-45.535075
90,,14,38,55.956,,-35,36,2.25,,,-0.0026,,-0.212,,2000,,14.6488766667,-34.399375
341,,14,42,39.56,,36,45,24.35,,,0.0024,,-0.009,,2000,,14.7109888889,36.7567638889
122,,14,48,29.035,,-25,29,13.29,,,-0.0094,,0.167,,2000,,14.8080652778,-24.512975
245,,14,50,35,,12,47,2.81,,,-0.0004,,-0.031,,2000,,14.8430555556,12.7841138889
156,,14,51,3.668,,-15,1,38.9,,,-0.0013,,0.001,,2000,,14.8510188889,-14.9725277778
296,,14,52,53.009,,26,27,54.1,,,-0.0023,,0,,2000,,14.8813913889,26.4650277778
354,,14,54,33.646,,46,35,37.47,,,0.0052,,-0.032,,2000,,14.9093461111,46.5937416667
29,,15,7,14.566,,-57,26,22.88,,,-0.001,,-0.019,,2000,,15.1207127778,-56.5603111111
192,,15,9,34.619,,-5,23,41.81,,,-0.0114,,-0.064,,2000,,15.1596163889,-4.6050527778
139,,15,19,50.086,,-19,33,0.9,,,-0.0071,,0.007,,2000,,15.3305794444,-18.44975
228,,15,22,0.121,,5,35,47.71,,,-0.0015,,0.002,,2000,,15.3667002778,5.5965861111
387,,15,24,17.952,,60,32,57.84,,,-0.0487,,0.178,,2000,,15.4049866667,60.5494
51,,15,27,13.598,,-49,27,16.29,,,-0.0047,,-0.028,,2000,,15.4537772222,-48.545475
77,,15,32,30.899,,-38,4,16.35,,,-0.0014,,-0.021,,2000,,15.5419163889,-37.9287916667
367,,15,35,11.868,,49,59,40.7,,,0.0021,,-0.079,,2000,,15.58663,49.9946388889
107,,15,36,12.903,,-28,59,55.88,,,-0.0009,,-0.008,,2000,,15.6035841667,-27.0011444444
264,,15,37,23.575,,12,18,5.88,,,-0.0046,,0.033,,2000,,15.6232152778,12.3016333333
401,,15,37,45.834,,71,9,13.25,,,-0.0035,,0.012,,2000,,15.6293983333,71.1536805556
313,,15,38,42.505,,31,33,6.67,,,-0.0005,,-0.003,,2000,,15.6451402778,31.5518527778
328,,15,40,25.991,,37,31,1.54,,,0,,-0.014,,2000,,15.6738863889,37.5170944444
281,,15,43,33.071,,22,55,13.8,,,0.0027,,-0.193,,2000,,15.7258530556,22.9205
175,,15,47,38.101,,-9,28,49.6,,,-0.005,,0.016,,2000,,15.7939169444,-8.5195555556
211,,16,0,2.15,,0,37,25.14,,,-0.0011,,0.011,,2000,,16.0005972222,0.62365
8,,16,7,57.913,,-71,56,40.7,,,-0.0025,,-0.034,,2000,,16.1327536111,-70.0553611111
247,,16,12,57.763,,12,48,2.52,,,0.0003,,0.027,,2000,,16.2160452778,12.8007
158,,16,17,49.967,,-13,22,20.96,,,-0.0029,,-0.031,,2000,,16.2972130556,-12.6275111111
298,,16,17,51.546,,23,36,26.31,,,0.0013,,0.037,,2000,,16.2976516667,23.6073083333
92,,16,18,14.121,,-34,54,53.05,,,-0.0027,,-0.006,,2000,,16.3039225,-33.0852638889
343,,16,19,0.571,,37,45,56.58,,,-0.0015,,-0.045,,2000,,16.3168252778,37.7657166667
40,,16,19,20.862,,-54,30,48.94,,,0.0166,,-0.099,,2000,,16.3224616667,-53.4864055556
124,,16,21,19.191,,-23,42,28.74,,,-0.0008,,-0.024,,2000,,16.3553308333,-22.2920166667
64,,16,28,49.887,,-44,48,45.42,,,-0.0001,,-0.003,,2000,,16.4805241667,-43.1873833333
194,,16,33,23.381,,-4,15,43.13,,,-0.0043,,-0.05,,2000,,16.5564947222,-3.7380194444
22,,16,34,41.757,,-66,0,50.72,,,-0.0006,,-0.005,,2000,,16.5782658333,-65.9859111111
378,,16,35,41.269,,57,46,52.04,,,0.0038,,-0.032,,2000,,16.5947969444,57.7811222222
230,,16,36,51.638,,7,6,25.9,,,-0.001,,-0.002,,2000,,16.6143438889,7.1071944444
356,,16,49,59.401,,46,38,56.67,,,-0.0021,,0.036,,2000,,16.8331669444,46.649075
141,,16,50,55.478,,-16,32,48.93,,,-0.0004,,-0.013,,2000,,16.8487438889,-15.453075
266,,16,54,10.076,,15,37,24.43,,,-0.0011,,-0.012,,2000,,16.9027988889,15.6234527778
177,,17,1,34.883,,-6,44,11.13,,,0.0001,,-0.007,,2000,,17.0263563889,-5.263575
79,,17,2,53.827,,-38,27,36.83,,,0.0008,,0.012,,2000,,17.0482852778,-37.5397694444
315,,17,7,55.83,,32,6,19.78,,,-0.0126,,-0.038,,2000,,17.132175,32.1054944444
109,,17,7,56.204,,-24,59,53.29,,,0,,-0.002,,2000,,17.1322788889,-23.0018638889
283,,17,9,27.203,,22,5,30.54,,,0.0044,,-0.054,,2000,,17.1575563889,22.0918166667
330,,17,13,27.217,,38,59,6.18,,,0.0008,,-0.017,,2000,,17.2242269444,38.98505
396,,17,20,56.705,,66,33,45.81,,,-0.0015,,0.057,,2000,,17.3490847222,66.562725
213,,17,21,7.055,,1,26,34.99,,,-0.0111,,0.271,,2000,,17.3519597222,1.4430527778
53,,17,26,22.454,,-48,36,53.62,,,0.0043,,-0.018,,2000,,17.4395705556,-47.3851055556
160,,17,32,50.71,,-13,28,55.54,,,-0.0011,,-0.013,,2000,,17.5474194444,-12.5179055556
31,,17,33,11.345,,-58,33,27.12,,,0.0005,,0.01,,2000,,17.5531513889,-57.4424666667
249,,17,35,2.126,,13,8,15.96,,,0.0002,,0.005,,2000,,17.5839238889,13.1377666667
126,,17,44,17.792,,-23,40,44.36,,,0.0025,,-0.013,,2000,,17.7382755556,-22.3210111111
369,,17,44,55.471,,50,2,39.49,,,0,,-0.012,,2000,,17.7487419444,50.0443027778
300,,17,52,32.16,,27,11,37.24,,,0.0019,,-0.026,,2000,,17.8756,27.1936777778
196,,17,54,29.831,,-3,27,44.81,,,0.0012,,-0.142,,2000,,17.9082863889,-2.5375527778
94,,17,55,15.196,,-34,14,8.04,,,0.0005,,-0.002,,2000,,17.9208877778,-33.7644333333
232,,17,59,27.073,,6,25,8.24,,,0.0006,,-0.011,,2000,,17.9908536111,6.4189555556
411,,18,5,59.837,,84,39,21.21,,,0.0048,,0.014,,2000,,18.0999547222,84.6558916667
66,,18,9,45.147,,-42,24,11.35,,,-0.0004,,-0.007,,2000,,18.1625408333,-41.5968472222
345,,18,13,7.226,,41,28,31.31,,,0.0046,,-0.128,,2000,,18.2186738889,41.4753638889
15,,18,14,50.236,,-66,48,54.44,,,-0.0005,,-0.007,,2000,,18.2472877778,-65.1848777778
5,,18,17,15.34,,-76,35,1.74,,,0.0043,,-0.066,,2000,,18.2875944444,-75.4161833333
143,,18,18,24.123,,-17,32,3.71,,,0.0001,,-0.005,,2000,,18.3067008333,-16.4656361111
268,,18,19,16.315,,15,49,33.73,,,0.0014,,-0.004,,2000,,18.3211986111,15.8260361111
179,,18,24,30.003,,-8,10,30.08,,,0.0018,,-0.05,,2000,,18.4083341667,-7.8249777778
42,,18,27,19.005,,-53,38,1.99,,,0.0097,,-0.037,,2000,,18.4552791667,-52.3661138889
215,,18,34,35.341,,3,8,8.8,,,0.0005,,0,,2000,,18.5764836111,3.1357777778
111,,18,37,12.839,,-25,40,16.6,,,0.0126,,-0.283,,2000,,18.6202330556,-24.3287222222
317,,18,38,58.571,,32,13,45.32,,,-0.0009,,0.004,,2000,,18.6496030556,32.2292555556
403,,18,39,4.738,,72,57,34.09,,,-0.0003,,0.014,,2000,,18.6513161111,72.9594694444
285,,18,43,6.158,,21,33,26.2,,,0,,-0.016,,2000,,18.7183772222,21.5572777778
389,,18,46,43.232,,63,15,56.79,,,0.0031,,0.007,,2000,,18.7786755556,63.265775
380,,18,50,21.696,,54,18,3.49,,,0.0009,,-0.016,,2000,,18.83936,54.3009694444
251,,18,55,28.369,,13,13,20.87,,,0.0005,,0.004,,2000,,18.9245469444,13.2224638889
358,,18,56,32.14,,46,45,58.55,,,0.0007,,-0.037,,2000,,18.9422611111,46.7662638889
81,,18,57,4.278,,-38,54,51.99,,,-0.0007,,-0.013,,2000,,18.9511883333,-37.0855583333
162,,18,59,1.311,,-12,35,16.01,,,0.0003,,0.001,,2000,,18.9836975,-11.4122194444
2,,19,2,14.417,,-83,56,23.24,,,-0.0019,,-0.012,,2000,,19.0373380556,-82.0602111111
198,,19,5,15.62,,-0,56,8.74,,,-0.0001,,-0.01,,2000,,19.0876722222,0.9357611111
332,,19,12,0.322,,39,25,14.75,,,0.0007,,0.01,,2000,,19.2000894444,39.4207638889
128,,19,16,11.352,,-25,40,0.35,,,-0.0001,,-0.032,,2000,,19.26982,-24.3332361111
302,,19,19,5.664,,27,15,40.68,,,0.0008,,-0.006,,2000,,19.31824,27.2613
96,,19,22,25.665,,-31,56,11.83,,,-0.0004,,-0.009,,2000,,19.3737958333,-30.0633805556
234,,19,23,38.726,,8,39,36.02,,,0,,-0.006,,2000,,19.3940905556,8.6600055556
33,,19,34,5.935,,-56,6,0.44,,,0.0017,,-0.03,,2000,,19.5683152778,-55.8998777778
145,,19,34,18.994,,-16,22,27.04,,,0.0002,,0.001,,2000,,19.5719427778,-15.6258222222
270,,19,34,45.302,,16,38,29.98,,,0.0006,,-0.004,,2000,,19.5792505556,16.6416611111
55,,19,36,8.695,,-46,9,4.86,,,0.0007,,-0.03,,2000,,19.6024152778,-45.84865
181,,19,40,45.122,,-7,30,44.44,,,0.0046,,-0.058,,2000,,19.6792005556,-6.4876555556
371,,19,49,4.041,,53,46,2.98,,,0.002,,0.008,,2000,,19.8177891667,53.7674944444
347,,19,50,25.522,,43,39,40.28,,,0.0021,,0.022,,2000,,19.8404227778,43.6611888889
68,,19,57,37.152,,-37,44,42.19,,,0.0006,,0.039,,2000,,19.96032,-36.2549472222
287,,20,3,52.128,,23,20,26.46,,,-0.0728,,-0.914,,2000,,20.06448,23.3406833333
113,,20,5,12.01,,-26,48,47.76,,,0.0008,,-0.009,,2000,,20.0866694444,-25.1867333333
217,,20,7,43.91,,2,26,34.83,,,0.0032,,-0.001,,2000,,20.1288638889,2.4430083333
253,,20,8,49.678,,12,13,42.11,,,0.0002,,-0.019,,2000,,20.1471327778,12.2283638889
319,,20,9,32.986,,33,40,53.84,,,0.0005,,-0.001,,2000,,20.1591627778,33.6816222222
24,,20,10,10.149,,-63,37,22.96,,,0.0023,,-0.038,,2000,,20.1694858333,-62.3769555556
164,,20,15,6.907,,-13,23,2.11,,,-0.0008,,-0.028,,2000,,20.2519186111,-12.6160805556
10,,20,18,30.012,,-72,48,29.27,,,-0.0063,,0.01,,2000,,20.3083366667,-71.1918694444
200,,20,27,25.151,,-1,33,31.17,,,-0.004,,-0.054,,2000,,20.4569863889,-0.4413416667
83,,20,34,54.591,,-41,59,13.05,,,0.0017,,-0.026,,2000,,20.5818308333,-40.0130416667
408,,20,38,5.085,,76,49,59.39,,,0.0071,,0.064,,2000,,20.6347458333,76.8331638889
130,,20,43,26.438,,-22,27,14.11,,,-0.0008,,-0.016,,2000,,20.7240105556,-21.5460805556
44,,20,45,8.677,,-50,30,23.23,,,0.0028,,-0.008,,2000,,20.7524102778,-49.4935472222
236,,20,48,21.473,,7,35,39.22,,,0.0026,,-0.013,,2000,,20.8059647222,7.5942277778
398,,20,48,25.592,,68,1,58.43,,,0.0072,,0.109,,2000,,20.8071088889,68.0328972222
304,,20,50,5.482,,27,22,39.72,,,0.0009,,0.008,,2000,,20.8348561111,27.3777
360,,20,50,57.012,,48,1,49.78,,,0.0022,,0.035,,2000,,20.84917,48.0304944444
334,,20,51,30.937,,37,59,22.18,,,-0.0004,,-0.003,,2000,,20.8585936111,37.9894944444
98,,20,53,11.048,,-31,30,54.29,,,0.0053,,-0.065,,2000,,20.8864022222,-30.4849194444
147,,20,55,47.676,,-17,6,51.07,,,0.0043,,-0.065,,2000,,20.92991,-16.8858138889
272,,20,59,58.301,,18,37,8.19,,,0.0027,,-0.003,,2000,,20.9995280556,18.6189416667
382,,21,1,54.881,,57,45,55.15,,,0.0011,,0.011,,2000,,21.0319113889,57.7653194444
183,,21,13,30.11,,-5,54,41.43,,,0.0006,,0,,2000,,21.2250305556,-4.0884916667
219,,21,17,58.647,,2,53,29.12,,,0.001,,-0.018,,2000,,21.2996241667,2.8914222222
70,,21,29,49.674,,-37,41,33.37,,,-0.0055,,-0.076,,2000,,21.4971316667,-36.3073972222
115,,21,31,51.343,,-25,24,45.76,,,0.001,,-0.009,,2000,,21.5309286111,-24.5872888889
255,,21,32,59.143,,12,32,22.57,,,0.0021,,-0.026,,2000,,21.5497619444,12.5396027778
57,,21,34,1.374,,-46,36,38.61,,,0.0007,,-0.046,,2000,,21.5670483333,-45.389275
289,,21,35,52.488,,23,57,53.37,,,0.0021,,0.007,,2000,,21.5979133333,23.964825
166,,21,36,55.074,,-10,10,28.22,,,0.0022,,-0.006,,2000,,21.6152983333,-9.8254944444
321,,21,41,3.784,,34,40,30.53,,,0.0002,,-0.001,,2000,,21.6843844444,34.6751472222
17,,21,46,37.911,,-67,35,46.85,,,0.0027,,-0.021,,2000,,21.7771975,-66.4036527778
349,,21,50,10.888,,43,53,17.46,,,-0.0043,,-0.046,,2000,,21.8363577778,43.8881833333
35,,21,51,58.641,,-55,46,44.66,,,0.0003,,0.002,,2000,,21.8662891667,-54.2209277778
202,,21,54,35.823,,-2,59,49.5,,,0.0009,,0.002,,2000,,21.9099508333,-1.0029166667
238,,22,7,31.356,,9,40,15.62,,,0.0011,,-0.006,,2000,,22.1253766667,9.6710055556
132,,22,16,7.234,,-23,0,33.76,,,0.0015,,0.016,,2000,,22.2686761111,-22.9906222222
149,,22,16,56.268,,-14,39,25.13,,,0.0001,,-0.021,,2000,,22.2822966667,-13.3430194444
306,,22,19,7.192,,28,50,51.45,,,0.0036,,0.029,,2000,,22.3186644444,28.847625
391,,22,19,31.57,,64,47,18.61,,,-0.0031,,-0.04,,2000,,22.3254361111,64.7885027778
85,,22,25,6.244,,-37,49,45.12,,,0,,-0.04,,2000,,22.4184011111,-36.1708
373,,22,25,52.663,,53,56,40.65,,,-0.0071,,0.006,,2000,,22.4312952778,53.944625
185,,22,26,6.815,,-5,10,40.42,,,0.0015,,-0.007,,2000,,22.4352263889,-4.8221055556
100,,22,31,1.064,,-31,1,32.48,,,0.0032,,-0.041,,2000,,22.5169622222,-30.9743111111
274,,22,32,27.459,,19,37,25.02,,,0.0026,,0.037,,2000,,22.5409608333,19.6236166667
221,,22,32,46.184,,3,0,18.17,,,-0.0042,,-0.085,,2000,,22.5461622222,3.0050472222
336,,22,36,7.803,,36,45,44.71,,,0.0031,,-0.011,,2000,,22.6021675,36.7624194444
46,,22,40,7.182,,-49,35,53.75,,,0.0081,,-0.064,,2000,,22.6686616667,-48.4017361111
362,,22,51,50.845,,46,44,7.88,,,0.0001,,-0.009,,2000,,22.8641236111,46.7355222222
168,,22,54,7.123,,-12,11,25.51,,,0.0034,,-0.046,,2000,,22.9019786111,-11.8095805556
12,,22,54,28.074,,-74,51,53.55,,,0.0033,,-0.002,,2000,,22.9077983333,-73.135125
257,,23,1,21.201,,14,52,14.88,,,-0.0033,,-0.005,,2000,,23.0225558333,14.8708
117,,23,3,38.141,,-26,48,47.88,,,0.0019,,0.007,,2000,,23.0605947222,-25.1867
291,,23,5,29.011,,24,39,10.89,,,-0.0004,,-0.008,,2000,,23.0913919444,24.653025
26,,23,11,10.553,,-63,11,23.94,,,0.0105,,-0.012,,2000,,23.1862647222,-62.8100166667
204,,23,15,58.327,,-1,25,26.01,,,0.0018,,-0.005,,2000,,23.2662019444,-0.5761083333
405,,23,17,56.836,,73,41,18.62,,,-0.0165,,-0.013,,2000,,23.2991211111,73.6885055556
72,,23,19,25.794,,-39,9,30.46,,,0.004,,-0.032,,2000,,23.3238316667,-38.8415388889
323,,23,21,23.169,,36,30,4.09,,,0.005,,0.003,,2000,,23.3564358333,36.5011361111
240,,23,28,31.697,,9,25,37.77,,,0.0064,,-0.005,,2000,,23.4754713889,9.4271583333
384,,23,31,23.791,,59,27,44.86,,,0.0029,,0.009,,2000,,23.5232752778,59.4624611111
151,,23,33,13.927,,-12,36,32.97,,,-0.0014,,-0.026,,2000,,23.5538686111,-11.3908416667
351,,23,41,20.236,,46,51,36.19,,,0.0004,,-0.009,,2000,,23.6889544444,46.8600527778
187,,23,44,32.504,,-3,10,31.49,,,0.0001,,-0.022,,2000,,23.7423622222,-2.8245861111
308,,23,48,35.035,,28,22,15.71,,,0,,-0.006,,2000,,23.8097319444,28.3710305556
59,,23,48,55.826,,-46,50,31.68,,,0.0012,,0.008,,2000,,23.8155072222,-45.1578666667
134,,23,49,25.962,,-21,36,50.3,,,-0.0005,,0.009,,2000,,23.8238783333,-20.3860277778
223,,23,54,19.478,,3,40,40.3,,,0.004,,-0.055,,2000,,23.9054105556,3.6778611111
276,,23,58,19.06,,19,41,36.78,,,0.0059,,0.001,,2000,,23.9719611111,19.69355
!,,,,,,,,,,,,,,,,,,
!,,TPOINT,star,catalogue:,,Tycho-2,,10,deg,pitch,,7.0-7.5,Mv,,,,,
!,,,,,,,,,,,,,,,,,,
!,,P,T,Wallace,,,29,July,2000,,,,,,,,,
!,,,,,,,,,,,,,,,,,,
END,,,,,,,,,,,,,,,,,,
