!
!  TPOINT star catalogue:  Tycho-2, 20 deg pitch, 7-7.5 Mv
!
!  P T Wallace   29 July 2000
!
000001  01 33 13.030  -79 55 35.70   +.0126  +.011  2000.0
000002  17 21 35.024  -79 03 54.16   +.0031  +.011  2000.0
000003  13 25 31.316  -68 31 41.07   -.0018  +.004  2000.0
000004  04 46 37.505  -68 32 45.72   -.0021  +.043  2000.0
000005  19 39 36.195  -64 32 08.16   +.0022  -.054  2000.0
000006  09 41 37.304  -68 30 17.97   -.0020  +.004  2000.0
000007  01 31 37.384  -61 14 57.57   -.0043  +.005  2000.0
000008  16 24 00.979  -58 36 20.33   -.0064  -.064  2000.0
000009  06 57 28.407  -55 40 03.90   -.0001  +.009  2000.0
000010  20 49 14.742  -48 13 28.13   -.0012  +.020  2000.0
000011  10 48 35.021  -48 21 01.86   -.0156  +.039  2000.0
000012  00 38 27.366  -45 54 04.71   -.0029  +.061  2000.0
000013  14 31 29.219  -47 43 46.45   -.0049  +.075  2000.0
000014  04 21 03.781  -48 48 40.48   -.0018  +.014  2000.0
000015  18 14 26.645  -47 57 15.91   -.0002  +.013  2000.0
000016  08 56 58.544  -49 40 51.66   -.0007  +.005  2000.0
000017  23 00 47.471  -49 27 05.76   +.0101  -.017  2000.0
000018  12 32 43.737  -45 27 35.09   +.0049  -.043  2000.0
000019  02 34 59.723  -42 06 46.43   +.0009  -.020  2000.0
000020  16 14 57.768  -39 37 40.13   -.0014  -.032  2000.0
000021  05 50 28.564  -37 37 16.44   +.0000  +.027  2000.0
000022  19 23 50.155  -34 58 01.17   +.0008  -.005  2000.0
000023  08 39 50.121  -34 00 35.31   -.0002  -.017  2000.0
000024  22 03 16.765  -31 26 42.64   +.0003  -.013  2000.0
000025  11 37 46.655  -31 13 07.16   -.0058  -.061  2000.0
000026  01 10 03.289  -26 11 37.47   -.0021  -.009  2000.0
000027  14 29 09.864  -29 06 48.56   +.0010  +.020  2000.0
000028  03 54 17.335  -27 40 07.83   +.0030  +.036  2000.0
000029  17 20 30.704  -26 32 59.18   -.0020  -.005  2000.0
000030  06 50 05.969  -27 20 02.29   -.0002  +.004  2000.0
000031  20 19 45.184  -25 13 42.97   -.0090  -.148  2000.0
000032  09 46 17.539  -22 39 09.21   -.0013  +.010  2000.0
000033  23 16 29.451  -23 13 31.98   -.0030  -.029  2000.0
000034  12 45 52.579  -21 46 05.77   +.0001  -.011  2000.0
000035  02 11 08.447  -19 18 26.50   -.0011  +.010  2000.0
000036  15 38 41.391  -17 39 53.48   -.0028  -.027  2000.0
000037  04 58 44.673  -17 48 24.54   +.0007  +.024  2000.0
000038  18 24 59.871  -18 32 19.33   -.0005  -.012  2000.0
000039  07 56 39.848  -16 31 53.36   -.0064  -.043  2000.0
000040  21 18 15.659  -17 27 44.17   +.0026  +.001  2000.0
000041  10 52 56.607  -17 16 37.69   -.0123  +.074  2000.0
000042  00 25 22.990  -17 25 39.62   +.0021  -.060  2000.0
000043  14 05 13.026  -14 51 25.47   -.0064  -.045  2000.0
000044  03 28 27.475  -13 12 33.47   +.0001  -.038  2000.0
000045  16 42 35.412  -11 10 28.70   -.0020  -.025  2000.0
000046  06 13 56.274  -06 49 23.35   -.0001  -.002  2000.0
000047  19 30 52.718  -06 30 51.92   -.0096  -.141  2000.0
000048  08 50 36.309  -04 41 58.24   -.0032  +.030  2000.0
000049  22 13 25.349  -01 39 13.95   +.0081  -.091  2000.0
000050  11 16 11.712  -03 28 19.10   +.0019  +.020  2000.0
000051  00 17 48.374  -01 51 45.85   -.0002  +.004  2000.0
000052  13 12 45.791  -01 45 30.21   -.0018  -.013  2000.0
000053  02 21 40.436  -00 08 55.06   -.0013  -.007  2000.0
000054  15 31 42.879  +00 53 00.73   -.0011  -.086  2000.0
000055  04 56 14.140  +03 10 32.89   -.0003  -.003  2000.0
000056  18 17 14.370  +05 45 12.91   -.0005  -.015  2000.0
000057  07 35 03.106  +05 17 48.56   -.0006  -.008  2000.0
000058  20 55 47.054  +07 39 58.49   -.0037  -.063  2000.0
000059  10 26 26.565  +10 30 10.41   +.0037  -.045  2000.0
000060  23 45 37.199  +13 09 09.56   -.0021  -.023  2000.0
000061  13 32 36.281  +14 23 39.18   -.0060  +.020  2000.0
000062  03 04 49.639  +13 47 50.87   +.0017  -.012  2000.0
000063  16 33 50.357  +13 23 41.07   +.0009  -.047  2000.0
000064  06 02 33.322  +13 01 31.62   -.0001  -.027  2000.0
000065  19 21 48.438  +14 32 35.45   -.0005  -.013  2000.0
000066  08 48 06.366  +17 23 41.19   +.0004  -.028  2000.0
000067  22 08 09.040  +17 33 31.02   +.0019  -.001  2000.0
000068  11 32 49.793  +18 00 08.45   -.0096  +.012  2000.0
000069  00 57 29.857  +21 29 10.24   +.0076  -.030  2000.0
000070  14 24 48.518  +21 21 28.45   +.0005  -.036  2000.0
000071  03 58 20.898  +24 04 52.00   +.0012  -.049  2000.0
000072  17 17 10.811  +25 52 25.86   -.0001  +.016  2000.0
000073  06 55 56.197  +27 17 09.10   -.0005  -.008  2000.0
000074  20 30 25.256  +27 49 58.03   +.0008  +.002  2000.0
000075  09 57 14.718  +28 33 40.63   -.0015  +.008  2000.0
000076  23 17 19.163  +29 52 24.12   +.0005  -.006  2000.0
000077  12 47 48.828  +29 31 55.75   -.0059  +.013  2000.0
000078  02 14 02.355  +26 37 37.02   +.0028  +.022  2000.0
000079  15 47 40.765  +28 28 10.04   -.0041  +.050  2000.0
000080  05 14 14.444  +30 23 59.55   -.0005  +.005  2000.0
000081  18 40 29.712  +31 38 36.32   -.0005  +.002  2000.0
000082  08 09 39.760  +35 42 08.51   +.0008  -.047  2000.0
000083  21 39 53.762  +39 30 53.82   +.0043  +.003  2000.0
000084  11 18 28.723  +42 18 58.90   +.0068  -.031  2000.0
000085  01 19 03.141  +45 42 21.17   +.0001  +.005  2000.0
000086  15 13 58.932  +47 58 08.51   +.0027  -.017  2000.0
000087  05 15 15.459  +47 10 14.63   +.0088  -.107  2000.0
000088  19 34 45.538  +46 28 03.37   +.0010  +.024  2000.0
000089  09 30 38.313  +44 46 09.85   -.0053  -.030  2000.0
000090  23 31 25.543  +49 30 28.52   +.0022  +.012  2000.0
000091  13 30 12.661  +45 44 06.87   -.0038  +.001  2000.0
000092  03 12 11.336  +46 23 09.72   -.0032  -.035  2000.0
000093  17 02 15.978  +49 35 38.26   +.0008  -.014  2000.0
000094  07 11 31.541  +55 36 45.07   +.0014  -.024  2000.0
000095  21 29 46.408  +60 22 43.16   -.0001  -.003  2000.0
000096  12 20 35.813  +63 40 12.94   -.0017  -.002  2000.0
000097  03 52 41.850  +65 31 53.59   -.0004  -.003  2000.0
000098  18 44 35.359  +64 48 36.23   +.0063  +.074  2000.0
000099  09 46 02.759  +65 37 37.61   +.0020  -.020  2000.0
000100  00 01 35.973  +72 14 11.81   -.0097  +.004  2000.0
000101  15 21 30.281  +73 28 35.79   -.0272  +.084  2000.0
000102  07 16 00.404  +82 26 25.62   -.0071  -.005  2000.0
END
